Chromosome	Start	End	Mbp	cM	MemberCount	DistantMemberCount	Members
9	274433	2157572	1.883139	0	3	2	205, 3297
11	317098	2560210	2.243112	0	4	3	526, 3071, 3334
9	523495	2202896	1.679401	0	3	2	2032, 931
11	788392	2843676	2.055284	0	3	2	640, 3071
11	788392	3199373	2.410981	0	3	2	640, 3454
11	788392	3250967	2.462575	0	3	2	1713, 640
9	908750	2305756	1.397006	0	3	2	931, 1687
4	976903	3922398	2.945495	0	4	3	700, 2167, 3048
4	997137	4262939	3.265802	0	3	2	3349, 331
4	1095422	4171964	3.076542	0	3	2	370, 3151
4	1095422	4262939	3.167517	0	3	2	1325, 1446
4	1192142	4171964	2.979822	0	3	2	88, 700
4	1192142	4257901	3.065759	0	3	2	832, 1598
4	1193832	4231927	3.038095	0	4	3	107, 3357, 1560
4	1193832	4231927	3.038095	0	4	3	99, 2135, 3357
4	1193832	4262939	3.069107	0	4	3	99, 2135, 3349
4	1237077	4151613	2.914536	0	4	3	700, 3070, 3423
4	1237077	4171964	2.934887	0	4	3	700, 3048, 3423
4	1237077	4709149	3.472072	0	3	2	2095, 242
7	1293973	4237801	2.943828	0	5	4	419, 2140, 2501, 3174
4	1368502	4262939	2.894437	0	3	2	152, 1374
4	1368502	4262939	2.894437	0	3	2	801, 3349
4	1386570	4257901	2.871331	0	3	2	1987, 126
4	1386570	4366380	2.97981	0	3	2	126, 2827
6	1463554	3533221	2.069667	0	4	3	1787, 2823, 329
9	1490830	3706622	2.215792	0	3	2	481, 3149
6	1581798	3570361	1.988563	0	7	6	1913, 930, 2452, 2616, 1140, 3416
6	1581798	3895675	2.313877	0	5	4	930, 2452, 2616, 2996
4	1592161	4253074	2.660913	0	6	5	616, 107, 2729, 3407, 1560
4	1734281	4262939	2.528658	0	3	2	236, 3349
4	1734281	4262939	2.528658	0	3	2	1856, 733
4	1734281	4262939	2.528658	0	4	3	1423, 3273, 3349
4	1734281	4377710	2.643429	0	4	3	626, 3303, 1643
4	1785025	4570983	2.785958	0	4	3	1423, 3273, 3375
4	1792238	4209680	2.417442	0	4	3	2111, 1179, 3357
1	1874581	3657308	1.782727	0	5	4	2339, 2528, 1348, 3345
1	1874581	3681063	1.806482	0	4	3	523, 3345, 3558
1	1881361	3764049	1.882688	0	8	7	924, 2339, 2528, 2530, 2787, 1402, 1526
1	1881361	3793324	1.911963	0	4	3	1218, 3345, 1526
4	1882412	3940608	2.058196	0	3	2	1598, 307
4	1986972	4674529	2.687557	0	3	2	420, 3375
16	1996612	5272821	3.276209	0	4	3	1752, 787, 1158
1	2234791	4805434	2.570643	0	3	2	357, 1054
4	2297702	3922398	1.624696	0	3	2	1856, 769
4	2297702	3976433	1.678731	0	3	2	733, 3391
4	2297702	4296065	1.998363	0	4	3	99, 2135, 3125
4	2297702	4335824	2.038122	0	3	2	765, 2255
4	2297702	4594334	2.296632	0	3	2	769, 3125
4	2335836	4696955	2.361119	0	3	2	429, 3303
1	2493611	3681063	1.187452	0	4	3	523, 2074, 3345
1	3001713	4818363	1.81665	0	3	2	2, 3371
1	3149145	4817508	1.668363	0	3	2	357, 2974
1	3452549	4860555	1.408006	0	3	2	711, 2725
1	3805098	4818363	1.013265	0	3	2	2, 3211
7	4211696	6990464	2.778768	0	14	13	839, 2139, 2340, 2480, 2482, 2509, 28, 1238, 1363, 2983, 1427, 1498, 3415
20	4382206	5716015	1.333809	0	3	2	716, 2763
20	4395493	6086938	1.691445	0	3	2	854, 2658
20	4395493	6123550	1.728057	0	3	2	854, 3319
5	4409707	6691614	2.281907	0	5	4	665, 2046, 3148, 1463
7	4477012	7888133	3.411121	0	3	2	8, 1222
1	4541044	5712831	1.171787	0	23	22	1714, 1734, 1790, 1888, 775, 836, 2090, 2267, 2367, 2424, 2664, 2676, 1054, 160, 1189, 2838, 1405, 40, 1487, 3456, 1608, 1675
7	4647809	7681576	3.033767	0	3	2	128, 2928
6	4707471	6677443	1.969972	0	3	2	826, 3321
18	5069454	6764297	1.694843	0	3	2	803, 3543
3	5380959	11699704	6.318745	0	5	4	1741, 1425, 3202, 1442
20	5750788	7287253	1.536465	0	3	2	26, 2879
8	5776021	8101641	2.32562	0	5	4	1829, 1979, 1071, 276
8	5776021	8173255	2.397234	0	5	4	1979, 2387, 1071, 276
2	5973504	8244785	2.271281	0	3	2	197, 3469
18	5991916	7385629	1.393713	0	3	2	1129, 3541
11	6313741	9112572	2.798831	0	4	3	1815, 773, 3245
4	6762411	8592217	1.829806	0	3	2	3235, 225
18	7082767	9925700	2.842933	0	5	4	1103, 1281, 1412, 1686
7	7304142	8532504	1.228362	0	4	3	1316, 1378, 2971
3	7372022	10225127	2.853105	0	4	3	2965, 1425, 1442
7	7693919	9212713	1.518794	0	7	6	406, 461, 879, 2143, 2674, 3120
7	7693919	9217993	1.524074	0	8	7	406, 461, 879, 2143, 2674, 986, 1075
7	7796495	9165400	1.368905	0	10	9	461, 806, 879, 2143, 2674, 986, 1075, 2971, 3435
7	7796495	9821164	2.024669	0	4	3	879, 1316, 2971
7	7809142	9398115	1.588973	0	9	8	461, 806, 879, 2092, 1182, 2971, 3120, 1617
19	7928727	11425200	3.496473	0	3	2	1972, 175
7	7934974	9747486	1.812512	0	7	6	585, 806, 879, 1182, 2971, 3120
7	7934974	9747486	1.812512	0	6	5	585, 806, 879, 1182, 3282
1	8294762	11551307	3.256545	0	3	2	993, 3119
19	8319455	11552120	3.232665	0	3	2	1254, 3286
19	8326624	11881451	3.554827	0	3	2	2938, 235
19	8457375	12660394	4.203019	0	3	2	714, 961
19	8533925	12494135	3.96021	0	3	2	669, 3296
19	8671707	11837692	3.165985	0	3	2	581, 3587
19	8671707	12507944	3.836237	0	3	2	581, 2940
3	8754314	11699704	2.94539	0	5	4	1741, 2546, 1425, 1442
1	8916517	10042757	1.12624	0	7	6	1853, 822, 1986, 1054, 40, 1487
19	9086318	11837692	2.751374	0	3	2	1745, 323
19	9101672	12660001	3.558329	0	3	2	2133, 175
19	9269623	11688335	2.418712	0	4	3	1167, 3025, 3063
19	9301166	11771482	2.470316	0	3	2	1254, 3397
1	9432162	12867895	3.435733	0	8	7	1159, 1282, 2917, 2931, 3031, 1415, 3396
1	9521929	13815792	4.293863	0	3	2	1360, 2917
1	9558167	13815792	4.257625	0	4	3	757, 2917, 3396
1	9585385	12626608	3.041223	0	3	2	2748, 268
1	9585385	12674759	3.089374	0	4	3	935, 966, 1387
11	9863971	12142365	2.278394	0	7	6	1850, 954, 1195, 1444, 3513, 1530
11	9863971	12434458	2.570487	0	7	6	954, 2523, 1195, 1444, 3513, 1530
1	9902900	12684324	2.781424	0	3	2	2391, 1156
1	9902900	13813462	3.910562	0	3	2	1914, 1315
19	10064528	12494135	2.429607	0	4	3	553, 3025, 3401
1	10236039	13813462	3.577423	0	3	2	2849, 341
20	10286313	13279957	2.993644	0	9	8	742, 844, 850, 2056, 2529, 2650, 1369, 3179
1	10613660	13708163	3.094503	0	3	2	1023, 3031
19	10626428	11871170	1.244742	0	3	2	3068, 250
19	10626428	12494135	1.867707	0	3	2	669, 3290
19	10626428	12660001	2.033573	0	3	2	175, 3068
19	10626428	12660394	2.033966	0	3	2	3068, 34
19	10626769	11764496	1.137727	0	3	2	1183, 3339
19	10626769	12660394	2.033625	0	3	2	1183, 3311
19	10626769	13733953	3.107184	0	3	2	961, 1395
1	10630300	12671809	2.041509	0	3	2	993, 3248
1	10638604	13815792	3.177188	0	3	2	2461, 1360
1	10682244	12867288	2.185044	0	3	2	615, 2628
19	10694578	12494135	1.799557	0	3	2	669, 2925
19	10694578	14504661	3.810083	0	5	4	2894, 3027, 3315, 325
19	10694578	14706278	4.0117	0	3	2	1183, 3182
17	10728581	12873504	2.144923	0	3	2	2565, 155
17	10827074	12974697	2.147623	0	3	2	928, 2431
1	10874877	13815792	2.940915	0	3	2	97, 2461
1	10910069	12722028	1.811959	0	3	2	574, 2748
17	10911522	13253236	2.341714	0	3	2	400, 263
1	10922467	12734774	1.812307	0	3	2	2290, 940
1	10924710	13813462	2.888752	0	3	2	1128, 1458
1	11060698	13815792	2.755094	0	3	2	540, 3536
1	11060698	14163485	3.102787	0	3	2	540, 3524
19	11163562	14706278	3.542716	0	3	2	1395, 3141
19	11256887	12491955	1.235068	0	4	3	848, 2117, 3128
19	11256887	12494135	1.237248	0	3	2	669, 3373
19	11256887	14161745	2.904858	0	3	2	2844, 302
19	11256887	14193734	2.936847	0	3	2	709, 2058
19	11256887	14590919	3.334032	0	3	2	874, 2807
19	11256887	14706278	3.449391	0	3	2	1183, 2807
19	11326585	14779214	3.452629	0	3	2	440, 2939
19	11417200	14896499	3.479299	0	3	2	1395, 3132
19	11465533	14775700	3.310167	0	3	2	1395, 3401
19	11502291	14194936	2.692645	0	3	2	440, 3566
8	11831556	13315244	1.483688	0	4	3	566, 3438, 3502
4	11982994	15603037	3.620043	0	6	5	1828, 817, 2377, 3277, 1671
3	12269068	14342160	2.073092	0	5	4	2292, 1078, 3490, 1629
3	12403670	13561326	1.157656	0	8	7	1768, 65, 2300, 2646, 3236, 1519, 3490
3	12403670	13677647	1.273977	0	8	7	458, 2300, 939, 2646, 3236, 1519, 3490
3	12403670	14581018	2.177348	0	16	15	720, 861, 2159, 2206, 2292, 2356, 2531, 2554, 2646, 978, 2670, 1271, 3490, 1556, 1629
6	13794521	15860342	2.065821	0	5	4	550, 975, 2880, 3362
18	13921751	22550463	8.628713	0	3	2	1012, 3086
9	14072805	17003821	2.931015	0	3	2	3584, 345
9	14244413	16962418	2.718005	0	3	2	153, 3584
9	14244413	17130156	2.885743	0	3	2	153, 3195
9	14244413	17484446	3.240033	0	3	2	153, 2890
9	14565982	17250170	2.684188	0	5	4	2309, 1021, 2882, 3377
17	14630514	17140846	2.510332	0	16	15	1942, 79, 2044, 2177, 946, 2590, 1099, 2935, 2936, 2997, 3167, 3253, 3331, 3403, 265
10	15004452	17558220	2.553768	0	4	3	1885, 1969, 57
19	15127443	17938159	2.810717	0	3	2	597, 140
19	15166256	18124755	2.9585	0	3	2	597, 3553
17	15243264	21362085	6.11882	0	3	2	1703, 476
19	15263294	17768244	2.50495	0	3	2	518, 1563
17	15276705	19446089	4.169383	0	6	5	2177, 2623, 3075, 3500, 343
17	15276705	19803330	4.526625	0	4	3	380, 800, 3127
17	15276705	21160085	5.883379	0	3	2	3130, 343
17	15276705	21286227	6.009523	0	3	2	697, 1171
17	15276705	21286227	6.009523	0	3	2	697, 3147
17	15276705	21407129	6.130423	0	3	2	1905, 794
17	15278537	21292852	6.014315	0	3	2	2746, 39
17	15288545	18859018	3.570473	0	56	55	374, 376, 7, 434, 1851, 1942, 505, 1973, 79, 560, 730, 804, 2034, 2044, 2079, 2120, 2145, 912, 2249, 948, 2366, 2402, 2513, 2515, 2623, 2639, 1164, 1178, 1180, 166, 1232, 174, 2742, 2744, 2884, 2943, 2968, 2969, 2997, 1396, 1429, 3167, 3253, 3299, 41, 1488, 3331, 1513, 3403, 3474, 1555, 1606, 1615, 1662, 1696
17	15288545	19901415	4.612871	0	18	17	2120, 2350, 2366, 2388, 2513, 2623, 1180, 2713, 199, 2943, 2968, 3075, 3140, 3173, 41, 3474, 3525
17	15288545	20347876	5.059331	0	41	40	374, 376, 401, 457, 1878, 1942, 79, 804, 2034, 2044, 2066, 2120, 2199, 2200, 2202, 2233, 2515, 2623, 1017, 1164, 166, 174, 2742, 2744, 2884, 2919, 2968, 2969, 2997, 3167, 3253, 3265, 3299, 41, 3331, 3474, 3517, 265, 1662, 1696
17	15289229	21292852	6.003623	0	3	2	827, 2926
17	15293164	21404951	6.111788	0	3	2	1171, 3103
17	15295813	19901415	4.605603	0	60	59	374, 376, 401, 7, 434, 1851, 457, 1878, 1942, 1973, 79, 804, 2034, 2044, 2066, 2079, 2081, 2120, 2199, 2200, 2202, 2233, 2350, 2366, 2402, 2430, 2513, 2515, 2623, 1164, 166, 1232, 174, 2742, 2744, 2884, 2919, 2968, 2969, 2997, 1396, 1429, 3167, 3253, 3265, 3299, 41, 1488, 3331, 1513, 3403, 3474, 3509, 3517, 3525, 265, 1615, 1662, 1696
17	15295813	19901415	4.605603	0	51	50	376, 401, 7, 434, 457, 1878, 1973, 79, 666, 804, 2044, 2079, 2081, 2120, 2199, 2200, 2202, 2366, 2402, 2430, 2513, 2515, 166, 1232, 174, 2742, 2744, 2884, 2919, 2968, 2997, 1396, 1429, 3167, 3253, 3265, 3299, 41, 1488, 3331, 1513, 3403, 3474, 3509, 3517, 3525, 265, 3551, 1615, 1662
17	15296179	18859018	3.562839	0	8	7	1973, 624, 666, 3062, 3075, 3331, 272
17	15297187	21362085	6.064897	0	4	3	794, 3147, 1626
17	15325952	20977985	5.652032	0	3	2	883, 3291
17	15331517	21292852	5.961335	0	3	2	827, 3061
17	15333352	21374579	6.041228	0	3	2	123, 2769
17	15501049	20525554	5.024505	0	5	4	1796, 735, 1615, 53
17	15582725	21127058	5.544333	0	3	2	883, 3136
17	15600074	20993173	5.393098	0	3	2	883, 3127
17	15644548	19697247	4.0527	0	3	2	113, 3458
17	15644548	20977460	5.332912	0	8	7	61, 545, 2162, 1088, 1482, 3528, 1569
17	15644548	20977460	5.332912	0	11	10	1791, 545, 870, 2080, 2162, 1088, 3239, 1482, 3528, 1569
17	15644548	25876396	10.23185	0	3	2	477, 2510
17	15651231	20347876	4.696645	0	7	6	2120, 2590, 166, 2966, 43, 3474
17	15655798	21319955	5.664158	0	3	2	113, 2895
17	15679687	19803330	4.123643	0	4	3	380, 800, 2916
17	15679687	20837061	5.157373	0	4	3	2916, 300, 1657
17	15679687	21000614	5.320927	0	3	2	1171, 2916
17	15679687	21072231	5.392545	0	4	3	464, 2005, 2916
17	15704944	22005806	6.300862	0	4	3	2916, 209, 3548
17	15762111	19901415	4.139305	0	57	56	374, 376, 401, 7, 434, 1851, 457, 1878, 1942, 1973, 804, 2034, 2044, 2066, 2079, 2081, 2120, 2199, 2200, 2202, 2233, 2350, 2366, 2402, 2513, 2515, 2623, 1067, 1164, 166, 1232, 174, 2742, 2744, 2884, 2919, 2968, 2969, 2997, 1396, 1429, 3167, 3253, 3265, 3299, 41, 1488, 3331, 1513, 3403, 3474, 3517, 3525, 265, 1615, 1696
21	15867826	18470711	2.602886	0	3	2	75, 1061
17	16244657	20993173	4.748515	0	10	9	800, 852, 166, 2968, 3306, 41, 3331, 1599, 1690
17	16249665	21292852	5.043187	0	4	3	827, 2943, 3173
17	16249665	21292852	5.043187	0	4	3	827, 2943, 3194
17	16251859	18862551	2.610693	0	8	7	2079, 2943, 3253, 41, 1484, 1558, 305
17	16251859	20993173	4.741313	0	3	2	113, 2723
17	16319949	21319955	5.000007	0	3	2	1169, 2943
17	16401682	25912473	9.51079	0	3	2	113, 3369
17	16407478	21769220	5.361742	0	6	5	1806, 852, 1326, 3306, 1690
17	16507948	25883852	9.375904	0	3	2	386, 3160
17	16791960	21256465	4.464504	0	4	3	545, 2312, 27
17	16838730	21425273	4.586542	0	4	3	1905, 1169, 2873
5	16843108	20070133	3.227024	0	3	2	693, 227
17	16847113	17696526	0.849414	0	45	44	374, 376, 434, 1851, 457, 1878, 1899, 1942, 1973, 79, 804, 2044, 2249, 2350, 2513, 2515, 2623, 1077, 1164, 166, 1232, 174, 2884, 2919, 2943, 2968, 2969, 2997, 1396, 1429, 3173, 3253, 3265, 3299, 1488, 3331, 3403, 3509, 3517, 3525, 265, 1615, 1662, 1696
17	16847113	19901415	3.054304	0	64	63	374, 376, 401, 7, 434, 1851, 1878, 1942, 1973, 79, 560, 804, 2034, 2044, 2066, 2079, 2081, 2120, 2145, 2202, 2233, 2249, 2350, 2366, 2402, 2430, 2513, 2515, 2623, 1164, 1178, 166, 1232, 174, 2742, 2744, 2884, 2919, 2943, 2968, 2969, 2997, 1396, 1429, 3167, 3253, 3265, 3299, 41, 1488, 3331, 3366, 1513, 3403, 3474, 3509, 3517, 3525, 265, 1579, 1615, 1662, 1696
17	16847113	19901415	3.054304	0	60	59	374, 376, 401, 7, 434, 1851, 457, 1878, 1942, 505, 1973, 79, 730, 804, 2034, 2044, 2066, 2079, 2081, 2120, 2199, 2200, 2202, 2233, 948, 2366, 2402, 2430, 2513, 2515, 2623, 2639, 1164, 166, 1232, 174, 2742, 2744, 2884, 2919, 2968, 2969, 2997, 1396, 1429, 3167, 3253, 3265, 3299, 41, 1488, 3331, 1513, 3403, 3474, 3509, 1615, 1662, 1696
17	16847113	19901415	3.054304	0	60	59	374, 376, 401, 7, 434, 1851, 457, 1878, 1942, 505, 1973, 730, 804, 856, 2034, 2044, 2066, 2079, 2081, 2120, 2202, 2233, 2249, 948, 2366, 2402, 2513, 2515, 2623, 2639, 1067, 1164, 166, 1232, 174, 2742, 2744, 2884, 2919, 2943, 2968, 2969, 2997, 1396, 1429, 3167, 3253, 3265, 3299, 41, 1488, 3331, 3366, 1513, 3403, 3474, 1599, 1615, 1696
17	16847113	19901415	3.054304	0	30	29	401, 7, 434, 457, 1878, 505, 666, 800, 2202, 2357, 2515, 2639, 1067, 166, 2713, 2919, 2968, 3167, 3299, 3306, 41, 1484, 1488, 3331, 1513, 3437, 1558, 1599, 1604
17	16847113	19901415	3.054304	0	61	60	374, 376, 7, 434, 1851, 1878, 1942, 1973, 79, 560, 804, 2034, 2044, 2079, 2081, 2120, 2145, 2233, 2249, 2350, 2366, 2402, 2430, 2513, 2515, 2623, 1164, 1178, 1180, 166, 1232, 174, 2742, 2744, 2884, 2943, 2968, 2969, 2997, 1396, 1429, 3167, 3253, 3265, 3299, 41, 1488, 3331, 3366, 1513, 3403, 3474, 3517, 3525, 265, 1555, 1579, 1615, 1662, 1696
19	17005486	20789078	3.783592	0	3	2	115, 1496
21	17065143	18830252	1.765108	0	3	2	1239, 261
5	17264914	20070133	2.805218	0	3	2	3267, 227
17	17310886	18855486	1.5446	0	33	32	374, 1942, 1967, 506, 1973, 551, 82, 624, 627, 646, 2097, 2137, 912, 2249, 2510, 2590, 2623, 1099, 1178, 1232, 2714, 2935, 2936, 1396, 3167, 3173, 3253, 3292, 3403, 3474, 1606, 1662
17	17310886	18856320	1.545434	0	61	60	374, 1851, 1921, 1942, 1967, 1973, 79, 551, 560, 82, 624, 667, 804, 2044, 2121, 2137, 2156, 912, 2249, 948, 2388, 2510, 2513, 2515, 2518, 2539, 2540, 2590, 2623, 2639, 1164, 1178, 1180, 27, 1232, 174, 2719, 2884, 2936, 2943, 2997, 1396, 3075, 1429, 3167, 3173, 3253, 3292, 3299, 1488, 3331, 1513, 3403, 3474, 3537, 3551, 1606, 1615, 1662, 1696
17	17310886	18856320	1.545434	0	57	56	374, 1921, 1942, 1967, 1973, 79, 551, 82, 624, 646, 667, 804, 2044, 2121, 2137, 2156, 912, 2249, 948, 2510, 2513, 2515, 2518, 2539, 2540, 2590, 2623, 1164, 1178, 1180, 1232, 174, 2719, 2884, 2935, 2936, 2943, 2997, 1396, 3075, 1429, 3167, 3173, 3253, 3292, 3299, 1488, 3331, 1513, 3403, 3474, 3537, 3551, 1606, 1662, 1696
17	17310886	18856320	1.545434	0	61	60	374, 1851, 1921, 1942, 1967, 1973, 79, 551, 560, 82, 624, 804, 2044, 2121, 2137, 2156, 912, 2249, 948, 2388, 2510, 2513, 2515, 2518, 2539, 2540, 2590, 2623, 1099, 1164, 1178, 1180, 27, 1232, 174, 2719, 2884, 2935, 2936, 2943, 2997, 1396, 3075, 1429, 3167, 3173, 3253, 3292, 3299, 1488, 3331, 1513, 3403, 3474, 3537, 3551, 1606, 1615, 1662, 1696
17	17310886	18856896	1.54601	0	37	36	374, 376, 1899, 1921, 1942, 1973, 79, 569, 646, 2137, 2145, 2249, 2350, 2518, 2590, 2623, 1178, 166, 1232, 2719, 2943, 2997, 1396, 1429, 3173, 3253, 3299, 1488, 1513, 3403, 3474, 3517, 3525, 265, 1662, 1696
17	17487440	19901415	2.413976	0	21	20	457, 1973, 804, 2202, 2357, 166, 1287, 2778, 2884, 2968, 2969, 3140, 3253, 3306, 1488, 3331, 1513, 3437, 3474, 265
17	17487440	19901415	2.413976	0	21	20	457, 1973, 804, 2202, 2357, 166, 1287, 2778, 2884, 2968, 2969, 3140, 3253, 1488, 3331, 1513, 3437, 3474, 3509, 265
17	17487440	20347876	2.860436	0	12	11	572, 730, 804, 2515, 2778, 2884, 2943, 41, 3366, 3474, 1599
7	17604524	21744955	4.140432	0	3	2	1833, 1097
19	17611351	23956633	6.34528	0	3	2	1108, 1279
17	17671402	20737255	3.065854	0	3	2	1350, 3123
17	17696755	21807097	4.11034	0	5	4	61, 702, 2247, 1569
10	18056696	21196566	3.13987	0	11	10	1715, 2118, 2594, 144, 2700, 2712, 3252, 254, 3532, 1692
17	18145450	30020150	11.8747	0	4	3	1725, 1784, 1350
8	19153728	21335851	2.182124	0	3	2	894, 45
7	19550583	23450077	3.899492	0	6	5	125, 2259, 2285, 2779, 1443
1	20101034	23910170	3.809136	0	8	7	1916, 722, 2283, 2494, 2550, 2574, 2802
22	20990570	23815049	2.824478	0	3	2	9, 2553
22	21004407	21910280	0.905872	0	4	3	1963, 1228, 1493
22	21017902	23644963	2.627062	0	3	2	784, 991
22	21147077	22022005	0.874928	0	3	2	2464, 1298
22	21245370	23454722	2.209352	0	3	2	280, 290
22	21335491	22094016	0.758524	0	3	2	1788, 968
22	21348255	23861112	2.512856	0	4	3	934, 2364, 1270
22	21377302	24194941	2.817638	0	3	2	193, 3298
22	21409018	21458082	0.049064	0	3	2	741, 2464
22	21409018	23871201	2.462182	0	3	2	741, 851
22	21421459	22344848	0.923388	0	3	2	135, 3262
22	21440502	23861112	2.42061	0	3	2	1835, 565
22	21440502	23930279	2.489778	0	3	2	2220, 1244
22	21454525	23761356	2.306832	0	3	2	648, 1562
22	21454525	24190879	2.736356	0	3	2	622, 1430
22	21461017	23926218	2.465202	0	3	2	1131, 1191
22	21461017	24462993	3.001976	0	3	2	898, 2208
22	21979096	23861112	1.882016	0	3	2	1944, 831
22	21979096	23926218	1.947122	0	3	2	831, 2735
22	21979096	24939868	2.960772	0	3	2	831, 2560
22	22057273	25093324	3.036052	0	3	2	1022, 1029
7	22443892	26908972	4.46508	0	20	19	1929, 87, 2160, 2221, 2232, 2332, 1214, 2785, 2795, 1363, 2934, 2964, 1399, 3087, 3152, 3233, 3240, 3266, 3575
22	22444683	25225879	2.781196	0	4	3	2570, 2586, 190
20	22447016	35512346	13.06533	0	4	3	1966, 1389, 344
20	22447016	35550498	13.10348	0	5	4	1876, 1966, 2891, 344
22	22563845	25225879	2.662036	0	3	2	1086, 2820
22	22721700	25339669	2.617968	0	3	2	93, 94
16	22730983	25597002	2.866018	0	8	7	1926, 557, 2403, 2829, 2830, 3021, 240
7	22813060	26880815	4.067756	0	48	47	1764, 1862, 1929, 1978, 87, 601, 610, 710, 2147, 2160, 2189, 2198, 2221, 2232, 2332, 2372, 2466, 2472, 2555, 976, 2635, 2636, 1028, 21, 1066, 1166, 1210, 1214, 2692, 2693, 2715, 2722, 2777, 2785, 2795, 2848, 1363, 2934, 2964, 3087, 3152, 3240, 3266, 1510, 255, 262, 3575
14	22930429	25879574	2.949146	0	3	2	405, 2662
7	22992629	27353904	4.361276	0	41	40	1764, 1862, 1929, 1978, 87, 601, 610, 655, 710, 2071, 2189, 2198, 2232, 2332, 2372, 2472, 2555, 2611, 2635, 2636, 1028, 21, 1166, 1214, 2692, 2715, 2785, 2848, 1363, 2964, 3046, 3152, 3156, 3240, 3266, 1510, 255, 3457, 262, 3575
7	22992629	27353904	4.361276	0	33	32	1764, 1862, 1929, 87, 601, 610, 655, 661, 2071, 2198, 2232, 2332, 2372, 2472, 2611, 2636, 1028, 21, 1166, 1214, 2692, 2715, 2785, 2848, 1363, 3152, 3240, 3266, 1510, 3457, 262, 3575
7	22992629	27353904	4.361276	0	18	17	1862, 497, 87, 655, 661, 2071, 2198, 2611, 2636, 2692, 2715, 2785, 2848, 3152, 3240, 3266, 1510
7	22992629	27507833	4.515204	0	35	34	1764, 1862, 1929, 1978, 601, 610, 655, 2071, 2198, 2232, 2332, 2372, 2472, 2555, 2611, 2635, 2636, 1028, 1166, 1214, 2848, 1363, 2964, 1394, 3046, 3152, 3156, 3240, 3266, 1510, 255, 3457, 262, 3575
7	23036691	27526053	4.48936	0	37	36	1764, 1929, 1978, 87, 601, 655, 2071, 2189, 2198, 2232, 2332, 2372, 2472, 2555, 2611, 2635, 2636, 1028, 21, 1127, 1166, 1214, 2692, 2715, 2848, 2964, 3046, 3152, 3156, 3266, 1510, 255, 3419, 3457, 262, 3575
22	23279385	25081241	1.801856	0	3	2	1009, 3591
22	23283219	23730660	0.44744	0	3	2	561, 2011
22	23285694	24912232	1.626538	0	3	2	604, 2918
16	23387647	25916587	2.52894	0	8	7	1926, 557, 2403, 2829, 2830, 3283, 240
7	23456221	27526053	4.069832	0	33	32	1764, 468, 1929, 601, 655, 2071, 2131, 2198, 2232, 2332, 2372, 2472, 2555, 2635, 2636, 1028, 21, 1127, 1166, 2848, 2964, 3046, 3152, 3156, 3266, 1464, 1510, 255, 3419, 3457, 262, 3575
4	23574876	25993237	2.41836	0	3	2	142, 3498
22	23585132	24622470	1.037338	0	3	2	607, 3463
4	23610607	25724619	2.114012	0	7	6	1909, 2287, 148, 1122, 3015, 3175
5	23615266	28700896	5.08563	0	3	2	2153, 973
14	23626016	26584904	2.958888	0	3	2	1274, 260
22	23815760	26737680	2.92192	0	6	5	555, 799, 2173, 1304, 1585
4	23896474	25875000	1.978526	0	3	2	1802, 1355
14	23902789	27285623	3.382836	0	3	2	133, 2647
14	24135082	25717694	1.582612	0	3	2	1502, 3390
14	24256811	26536823	2.280012	0	4	3	109, 2579, 3365
12	24519509	28073965	3.554456	0	7	6	1774, 1840, 698, 2371, 3143, 3506
4	24615841	27126113	2.510272	0	3	2	1091, 3096
4	24754107	27258527	2.50442	0	18	17	1724, 1751, 1807, 871, 2036, 2313, 2547, 2566, 2584, 148, 22, 2809, 203, 204, 3055, 3216, 1652
12	25204627	30112823	4.908196	0	4	3	1801, 905, 2595
21	25798215	29451723	3.653508	0	3	2	1089, 3387
16	25867759	29835486	3.967726	0	3	2	103, 2589
14	25919419	27906160	1.98674	0	9	8	2276, 2559, 2641, 1285, 1449, 3409, 1618, 1645
4	25961788	30047407	4.08562	0	3	2	1708, 911
10	26002103	29613416	3.611312	0	12	11	662, 686, 2368, 970, 2649, 2960, 2980, 2992, 1384, 1514, 334
1	26120317	29092785	2.972468	0	7	6	1770, 1782, 2073, 2082, 2425, 200
10	26310456	29622943	3.312488	0	13	12	364, 471, 511, 662, 2731, 181, 2859, 2992, 3066, 3341, 1514, 3511
10	26483265	29613416	3.130152	0	10	9	739, 2433, 1011, 2731, 181, 2859, 1384, 1514, 334
10	26485613	29323844	2.838232	0	7	6	751, 1101, 2992, 3007, 3341, 1656
10	26633775	29613416	2.97964	0	14	13	662, 2237, 2368, 2649, 181, 2859, 2980, 2992, 1384, 3007, 3341, 1514, 334
10	26634954	29531933	2.896978	0	9	8	471, 751, 857, 965, 181, 2945, 3007, 3107
10	26637052	29622943	2.985892	0	5	4	598, 1065, 2731, 1485
17	26664806	28922041	2.257234	0	17	16	1735, 1779, 1844, 774, 136, 145, 1303, 3099, 3250, 1509, 3465, 3562, 1601, 1642, 1661, 1672
10	26750032	29613416	2.863384	0	9	8	563, 739, 1011, 2731, 181, 2859, 1384, 1514
10	26993080	29613416	2.620336	0	9	8	686, 2433, 1043, 1190, 2980, 2988, 1384, 334
10	27023402	29835016	2.811614	0	18	17	1794, 1848, 751, 1995, 2050, 2439, 1051, 1090, 2706, 2762, 1342, 2942, 3007, 1416, 3107, 3145, 3480
18	27192608	30106044	2.913436	0	14	13	1756, 2170, 2360, 2467, 2497, 1005, 1177, 2708, 2843, 3150, 3198, 3479, 1619
10	27713525	29709848	1.996324	0	15	14	364, 1867, 471, 511, 739, 751, 965, 181, 2945, 2992, 3007, 3134, 3425, 1656
10	27716836	29613416	1.89658	0	18	17	396, 1923, 598, 686, 739, 2368, 2433, 1190, 2738, 2859, 2980, 2991, 1384, 3285, 1514, 3425, 334
1	27965892	31317480	3.351588	0	5	4	548, 2211, 2440, 967
1	27965892	34283720	6.317828	0	5	4	548, 2211, 967, 1591
4	28681774	33750299	5.068526	0	3	2	631, 252
4	28681774	34766563	6.08479	0	3	2	962, 252
4	28798954	34772452	5.973498	0	4	3	802, 2190, 239
4	28831239	35078685	6.247444	0	3	2	709, 1336
4	28832388	35044511	6.212124	0	3	2	207, 3585
4	28834160	34871846	6.037688	0	4	3	363, 13, 2990
4	28869604	35203399	6.333796	0	3	2	2014, 980
4	28903023	34968643	6.06562	0	4	3	2110, 2536, 1349
4	28921523	34766563	5.84504	0	8	7	521, 884, 2042, 1037, 2696, 180, 3032
4	28921523	34968643	6.04712	0	4	3	709, 984, 2842
4	28922949	34968643	6.045696	0	4	3	768, 984, 3088
4	28983128	34871846	5.88872	0	3	2	382, 1631
4	29106713	34763475	5.656764	0	4	3	390, 3006, 4
4	29301984	30047407	0.745424	0	3	2	911, 2957
4	29301984	32040497	2.738512	0	4	3	439, 958, 3372
4	29301984	33750299	4.448316	0	3	2	631, 728
4	29314598	34968643	5.654046	0	5	4	554, 2871, 3320, 269
4	29323874	32010621	2.686746	0	6	5	1798, 2001, 2331, 1085, 3333
4	29323874	34404269	5.080394	0	5	4	1212, 2696, 1432, 249
4	29323874	34772452	5.448578	0	4	3	394, 411, 2453
4	29323874	34772452	5.448578	0	7	6	411, 2453, 2842, 1334, 3473, 3557
4	29369219	34867696	5.498476	0	5	4	369, 13, 2526, 2999
4	29369219	35078685	5.709464	0	3	2	758, 269
4	29379799	35078685	5.698884	0	8	7	139, 2865, 3101, 3301, 1447, 1524, 298
4	29407530	33750299	4.34277	0	4	3	631, 3080, 269
4	29407530	33750299	4.34277	0	4	3	631, 2657, 3080
4	29409326	32142368	2.733042	0	7	6	623, 2039, 124, 2865, 3100, 3101
4	29419157	34158936	4.73978	0	5	4	821, 2039, 2407, 4
4	29419157	35078685	5.659528	0	6	5	536, 2021, 2871, 1385, 3080
4	29446907	34936807	5.4899	0	5	4	436, 602, 2852, 269
4	29446907	35078685	5.631776	0	8	7	358, 1765, 1204, 2842, 2865, 3289, 42
4	29496936	32607354	3.110418	0	7	6	436, 2105, 921, 2852, 3042, 269
4	29502336	35078685	5.576348	0	3	2	207, 3398
4	29522117	35078685	5.556568	0	3	2	653, 273
4	29555312	35078685	5.523372	0	6	5	709, 1007, 2842, 2865, 42
4	29590507	35472244	5.881736	0	4	3	942, 2850, 1694
4	29612773	34533521	4.920748	0	7	6	358, 1765, 1804, 2344, 1243, 1477
4	29655893	35078685	5.422792	0	4	3	358, 1058, 2871
4	29683641	34867696	5.184056	0	5	4	453, 151, 2923, 3405
4	29699520	33750299	4.05078	0	4	3	631, 3080, 3488
4	29699520	35078685	5.379164	0	7	6	779, 2009, 2871, 3080, 3092, 294
4	29710556	34867696	5.15714	0	12	11	411, 78, 564, 578, 974, 2659, 1143, 2842, 2850, 3372, 1544
4	29710556	34871846	5.161292	0	9	8	411, 974, 147, 2842, 2979, 3356, 3372, 1544
4	29710556	35776599	6.066044	0	8	7	2055, 1175, 2842, 2865, 2878, 2899, 1441
4	29710605	34766563	5.05596	0	6	5	1830, 829, 2899, 3101, 269
4	29713447	34533521	4.820072	0	5	4	378, 909, 2865, 2899
4	29713447	34763475	5.050028	0	5	4	426, 3088, 1445, 4
4	29713447	34830211	5.116764	0	6	5	2105, 909, 2899, 3042, 294
4	29713447	34981199	5.267752	0	7	6	465, 677, 2784, 2842, 2899, 3372
4	29713447	35078685	5.365236	0	6	5	766, 2100, 3088, 269, 4
4	29729748	35472244	5.742496	0	8	7	1760, 763, 2113, 1165, 183, 2998, 3439
4	29732394	34909434	5.177038	0	8	7	2603, 1007, 2842, 2851, 2865, 42, 285
4	29737053	31333616	1.596564	0	5	4	514, 2025, 164, 3101
4	29739635	35044511	5.304876	0	4	3	795, 3585, 294
4	29739635	35661746	5.922108	0	4	3	795, 2899, 294
4	29739635	35661746	5.922108	0	4	3	795, 3171, 294
4	29740429	33200267	3.45984	0	5	4	802, 998, 3289, 4
4	29740429	35073382	5.332956	0	8	7	2001, 2187, 2331, 1087, 1143, 2842, 3101
4	29740429	35078685	5.338256	0	6	5	1868, 2659, 1213, 2899, 58
4	29756029	34867696	5.111668	0	6	5	662, 2144, 3032, 3104, 348
4	29756783	35255416	5.498632	0	5	4	778, 2532, 184, 3085
4	29763347	34909434	5.146084	0	8	7	465, 2603, 1204, 2842, 2851, 2865, 42
4	29763347	35141364	5.378016	0	5	4	623, 2187, 1356, 3085
4	29770254	34871846	5.101594	0	5	4	151, 1339, 2999, 3177
4	29770254	34916207	5.145954	0	6	5	96, 1283, 184, 3032, 1653
1	29802337	31722059	1.919724	0	6	5	1782, 1864, 2425, 2477, 969
4	30059039	32593580	2.53454	0	20	19	1873, 1941, 78, 564, 578, 727, 2039, 2454, 2784, 2842, 2850, 2909, 3301, 1489, 3353, 3372, 3433, 3495, 289
4	30059039	32593580	2.53454	0	14	13	1873, 1941, 78, 727, 728, 2039, 2842, 2878, 2909, 3353, 3372, 3433, 289
4	30059039	33460744	3.401704	0	12	11	78, 564, 578, 2039, 974, 2659, 1116, 2842, 2850, 1505, 311
4	30059039	33460744	3.401704	0	14	13	1955, 78, 564, 578, 2039, 958, 974, 1116, 2842, 2850, 3344, 3372, 1505
4	30059039	34404269	4.345228	0	20	19	1789, 1873, 1941, 1955, 78, 564, 578, 2039, 2100, 1116, 2784, 2842, 2850, 3301, 1489, 3344, 3372, 3433, 289
4	30059039	34595042	4.536	0	5	4	989, 3289, 3405, 4
4	30059039	34773745	4.714704	0	5	4	740, 2683, 2871, 249
4	30059039	34830211	4.771172	0	7	6	451, 2326, 1368, 3088, 3129, 3563
4	30059039	34867696	4.808656	0	7	6	2190, 2842, 42, 3353, 1535, 311
4	30059039	34867696	4.808656	0	5	4	704, 13, 3289, 3361
4	30059039	34867696	4.808656	0	6	5	2190, 1181, 42, 3372, 1535
4	30059039	34867696	4.808656	0	6	5	2190, 1181, 42, 3378, 1535
4	30059039	34909434	4.850392	0	7	6	785, 974, 2850, 3101, 3344, 3356
4	30059039	34916207	4.857168	0	4	3	74, 2990, 1472
4	30059039	34916207	4.857168	0	8	7	414, 78, 2069, 2683, 2842, 2850, 2899
4	30059039	34916207	4.857168	0	6	5	414, 1160, 2683, 2842, 2850
4	30059039	34916207	4.857168	0	9	8	2021, 139, 1143, 1212, 3101, 3301, 3344, 1524
4	30059039	34968643	4.909604	0	5	4	2554, 3129, 3547, 333
4	30059039	35078685	5.019644	0	10	9	371, 411, 564, 578, 623, 2319, 974, 1116, 3036
4	30059039	35078685	5.019644	0	10	9	466, 78, 564, 578, 2039, 2100, 974, 2683, 2850
4	30059039	35078685	5.019644	0	13	12	411, 78, 564, 578, 2100, 974, 2659, 1116, 2683, 2842, 2850, 2878
4	30059039	35078685	5.019644	0	5	4	704, 923, 1212, 311
4	30059039	35164063	5.105024	0	4	3	639, 1205, 3138
4	30059039	35472244	5.413204	0	3	2	2203, 270
4	30059039	35916417	5.857376	0	5	4	441, 466, 3162, 3177
4	30059039	35951029	5.891988	0	6	5	411, 639, 2899, 3289, 1472
4	30092152	35425629	5.333476	0	6	5	358, 1832, 995, 3187, 1695
4	30092152	35472244	5.380092	0	6	5	358, 1832, 995, 3333, 1695
4	30163376	34492968	4.329592	0	6	5	508, 3032, 3065, 3395, 1549
4	30163376	34867696	4.70432	0	11	10	78, 564, 578, 645, 2784, 3052, 1474, 3333, 1544, 1549
4	30163376	35280402	5.117024	0	8	7	514, 853, 886, 172, 3033, 1477, 1549
4	30163376	35766061	5.602684	0	6	5	644, 2009, 2294, 2370, 1549
4	30164482	34533521	4.369038	0	4	3	755, 2865, 1549
4	30164482	34595042	4.430558	0	5	4	2865, 3165, 1549, 310
4	30164482	34867696	4.703214	0	5	4	1351, 2865, 1549, 58
4	30164482	34968643	4.804162	0	8	7	202, 2999, 3032, 3104, 3294, 1549, 1564
4	30164482	35069818	4.905334	0	7	6	514, 2865, 3165, 1477, 1549, 58
4	30167692	35078685	4.910992	0	5	4	880, 149, 2887, 3101
4	30167692	35236015	5.068324	0	6	5	949, 149, 2878, 3333, 294
4	30171304	34595042	4.423736	0	7	6	78, 2100, 1076, 2979, 3344, 4
5	30285337	31462419	1.177084	0	5	4	519, 89, 2262, 3208
5	30285337	31462419	1.177084	0	5	4	89, 2134, 2262, 3208
4	30363282	35078685	4.715402	0	5	4	149, 1132, 3080, 1549
4	30465079	34871846	4.406768	0	5	4	366, 926, 3032, 3177
4	30466859	34404269	3.937408	0	5	4	835, 1124, 2834, 3088
4	30466859	34936807	4.469948	0	8	7	465, 603, 2210, 2319, 2842, 2878, 2899
4	30562851	34595042	4.032188	0	6	5	411, 926, 195, 3032, 3378
1	30580449	34615680	4.035232	0	5	4	902, 2178, 3073, 1607
4	30614201	34766563	4.152364	0	7	6	521, 2842, 2909, 3101, 1418, 3301
1	30645986	34800936	4.15495	0	5	4	902, 2178, 3213, 1607
1	30645986	34823528	4.177542	0	5	4	902, 2178, 2363, 3213
13	30814962	34307876	3.492914	0	3	2	2537, 1393
4	31095678	35078685	3.983006	0	7	6	465, 623, 997, 2865, 2899, 3036
1	31100040	34423527	3.323488	0	4	3	1948, 3213, 281
4	31200828	35766061	4.565232	0	7	6	358, 933, 2683, 2842, 2865, 3289
4	31288960	34766563	3.477604	0	10	9	517, 521, 746, 884, 2696, 180, 3032, 3067, 3395
4	31288960	34766563	3.477604	0	13	12	517, 662, 746, 2144, 2695, 2696, 180, 2904, 3032, 3067, 3104, 3395
5	31690559	33464297	1.773736	0	4	3	2349, 3208, 342
1	31725542	34823528	3.097986	0	3	2	902, 3542
4	31746895	34763475	3.01658	0	5	4	1165, 3006, 269, 4
4	31746895	35472244	3.725348	0	5	4	515, 835, 183, 3165
1	32094261	36487534	4.393276	0	6	5	1971, 527, 837, 2868, 3259
4	32162926	35078685	2.915758	0	4	3	1746, 182, 2865
1	32731021	37058303	4.327284	0	3	2	900, 3116
1	33070778	37088810	4.01803	0	3	2	900, 3323
1	33272073	37088810	3.816736	0	3	2	3323, 319
1	33432523	36802459	3.369936	0	5	4	1744, 1044, 2781, 3323
17	33843512	38040119	4.196608	0	10	9	1763, 1891, 2087, 2108, 906, 2180, 2306, 1407, 1651
13	33948941	37349453	3.400512	0	3	2	1301, 3178
13	33957940	37349453	3.391512	0	3	2	1301, 3241
1	34005106	37196958	3.191856	0	4	3	900, 2487, 3535
1	34005106	37421958	3.416856	0	4	3	900, 3535, 3545
1	34046066	36861854	2.815792	0	5	4	590, 3323, 3354, 1646
1	34047990	36893968	2.845976	0	3	2	1149, 1570
1	34056432	36802459	2.746028	0	5	4	1744, 1044, 2781, 3535
1	34065436	36591612	2.526176	0	4	3	657, 2815, 234
1	34065436	36610349	2.544912	0	3	2	657, 1406
1	34065436	36943655	2.87822	0	4	3	657, 1377, 234
1	34076550	36772868	2.696316	0	5	4	522, 1991, 3323, 286
1	34076550	36957831	2.88128	0	5	4	522, 1991, 3535, 286
19	34178482	36938398	2.75992	0	10	9	84, 805, 2226, 2517, 25, 3014, 3199, 1568, 1577
1	34222034	36942768	2.720736	0	16	15	1771, 1910, 522, 80, 617, 983, 1123, 3206, 3232, 3238, 3535, 1584, 1594, 309, 312
1	34313983	36942768	2.628784	0	7	6	354, 80, 2781, 3206, 3535, 1594
1	34313983	36976253	2.662268	0	5	4	354, 760, 1475, 288
1	34358476	37000090	2.641612	0	6	5	1019, 1105, 165, 2728, 2961
1	34363830	37479786	3.115952	0	3	2	69, 760
1	34372503	37449685	3.07718	0	4	3	760, 1154, 3193
1	34375199	37020563	2.645364	0	5	4	69, 2323, 165, 2728
1	34383554	37521551	3.138	0	10	9	1759, 1887, 122, 2052, 2186, 2886, 3102, 234, 1589
1	34432484	38636680	4.204196	0	3	2	372, 309
17	34444297	38133922	3.689624	0	3	2	2808, 278
1	34451877	37521551	3.069676	0	5	4	2052, 2212, 2886, 215
1	34622349	37521551	2.899204	0	16	15	122, 2052, 2078, 2085, 2186, 2212, 2286, 2369, 2473, 2651, 177, 2886, 3102, 3259, 1589
21	34725202	38355484	3.630284	0	3	2	1138, 3228
17	35018282	38724351	3.706072	0	4	3	98, 1225, 1573
17	35018282	38724351	3.706072	0	5	4	98, 1465, 3577, 1573
1	35628789	36893968	1.26518	0	3	2	1149, 3417
21	35659107	38092275	2.433168	0	4	3	2213, 1138, 2791
11	35689490	40579870	4.890384	0	3	2	2408, 251
2	35908737	38951666	3.042928	0	12	11	1793, 1837, 1852, 1985, 687, 2302, 2438, 1112, 3051, 3422, 317
10	36544080	44971387	8.427308	0	18	17	422, 1834, 1953, 1984, 877, 2151, 2291, 2298, 2548, 2637, 1010, 2689, 2800, 3040, 3069, 3594, 1610
7	36561680	41854296	5.292616	0	3	2	577, 2672
20	37346441	42077396	4.730956	0	3	2	467, 2771
15	37560789	40050290	2.4895	0	3	2	360, 1215
1	37644999	41013073	3.368072	0	5	4	656, 2020, 2132, 3420
9	38685643	73493728	34.80808	0	4	3	759, 2721, 2727
17	38720826	43662057	4.941232	0	4	3	15, 3111, 3554
9	38729240	73433532	34.7043	0	3	2	95, 2242
9	38772575	73800432	35.02785	0	4	3	416, 843, 3515
9	38772575	74210979	35.4384	0	5	4	1847, 101, 1999, 1170
9	39076028	74244432	35.1684	0	5	4	1939, 964, 2862, 1701
19	39387829	44093909	4.70608	0	7	6	1849, 535, 678, 2883, 2973, 349
19	39387829	44101297	4.713468	0	13	12	1742, 1849, 535, 678, 169, 1284, 2883, 2973, 3260, 1470, 1495, 3489
19	39387829	44320229	4.9324	0	13	12	1742, 1849, 535, 672, 678, 1284, 2883, 2973, 3260, 1470, 1495, 3489
13	40021077	43762719	3.741644	0	6	5	2129, 2365, 1117, 3200, 3305
15	40329108	46666190	6.337084	0	4	3	1710, 2051, 1027
8	41016640	56273747	15.25711	0	3	2	904, 2739
4	41543227	55357470	13.81424	0	4	3	365, 1772, 1515
19	41697945	46145479	4.447536	0	4	3	117, 987, 3133
2	41722554	45919058	4.196504	0	4	3	539, 542, 2311
19	42096228	45992745	3.896516	0	3	2	1114, 3539
19	42147477	45150522	3.003044	0	6	5	866, 117, 2288, 2828, 1470
19	42171906	45855520	3.683616	0	4	3	1223, 1275, 3215
19	42471566	46464698	3.993128	0	4	3	2818, 1321, 3215
19	42874179	45974059	3.09988	0	3	2	1114, 2941
19	43153284	46148543	2.99526	0	3	2	170, 2989
2	43652117	47320292	3.668176	0	3	2	102, 2282
19	43921285	46013248	2.091964	0	10	9	1704, 2303, 943, 1079, 2745, 2818, 1504, 3436, 56
19	43921285	46815705	2.89442	0	4	3	650, 2035, 3475
19	43921285	47016771	3.095488	0	9	8	1786, 430, 813, 866, 2003, 2288, 3269, 1578
19	43921285	47049928	3.128644	0	9	8	1786, 813, 866, 2003, 2288, 1422, 3269, 1578
19	43965029	47049928	3.0849	0	9	8	813, 866, 2003, 2288, 2759, 1422, 3269, 1578
19	44103010	45715717	1.612708	0	3	2	846, 2818
19	44103010	46507111	2.404104	0	4	3	951, 2881, 3215
12	44115730	50430116	6.314388	0	7	6	71, 11, 2533, 213, 1522, 3592
19	44141015	46013248	1.872232	0	12	11	445, 496, 2303, 2485, 2558, 1079, 2745, 2818, 3436, 55, 56
19	44180595	46374407	2.193812	0	3	2	571, 3191
19	44181531	47311809	3.130276	0	16	15	496, 629, 2070, 2558, 2587, 1079, 1278, 2745, 2752, 2761, 1518, 3436, 264, 55, 56
19	44205047	46013248	1.8082	0	6	5	2485, 2745, 2818, 214, 56
19	44290128	46394039	2.103912	0	3	2	634, 3570
19	44324817	46557553	2.232736	0	3	2	571, 3503
19	44330772	45961575	1.630804	0	3	2	3590, 50
19	44330772	46906073	2.5753	0	4	3	951, 1480, 3590
19	44386326	46207810	1.82148	0	3	2	1153, 2860
19	44386326	46766979	2.380652	0	3	2	1247, 3534
19	44436733	47783656	3.346924	0	3	2	3081, 279
10	44599013	52088004	7.488992	0	3	2	391, 1901
19	44654899	47880401	3.2255	0	3	2	705, 3191
19	44864840	47353053	2.488212	0	3	2	875, 56
12	44904640	49061511	4.156872	0	9	8	450, 11, 2533, 213, 3115, 1522, 3592, 1658
19	44944639	47880401	2.93576	0	9	8	404, 421, 875, 2013, 1224, 1308, 1411, 3146
19	44952873	47980067	3.027196	0	3	2	502, 2520
19	45047812	48468770	3.420956	0	3	2	873, 1576
19	45083696	48323644	3.239948	0	3	2	823, 1620
19	45101335	47747476	2.64614	0	3	2	705, 916
19	45101335	47880401	2.779064	0	4	3	916, 2663, 1518
19	45101336	48612050	3.510712	0	3	2	482, 2896
19	45121036	48085884	2.964848	0	3	2	502, 3169
19	45199082	47880401	2.68132	0	3	2	502, 3191
19	45254168	47783656	2.529488	0	4	3	438, 2279, 3081
19	45254168	47910825	2.656656	0	3	2	438, 3029
19	45256947	47910825	2.653876	0	3	2	438, 3060
10	45317971	53069991	7.75202	0	3	2	2038, 1426
19	45326664	47880401	2.553736	0	4	3	3049, 35, 1518
19	45326664	47947982	2.62132	0	3	2	705, 3049
19	45333834	47880401	2.546568	0	3	2	1072, 3191
19	45371328	46019417	0.648088	0	3	2	388, 2907
19	45382675	48717332	3.334656	0	3	2	1469, 350
19	45404579	47332590	1.928012	0	4	3	2761, 35, 1518
19	45404579	47880401	2.47582	0	4	3	3060, 35, 1518
19	45416099	48130376	2.714276	0	5	4	525, 2644, 2840, 3394
19	45416099	48177258	2.761156	0	7	6	446, 1934, 2007, 2525, 1207, 2831
10	45786684	52908166	7.121484	0	6	5	2289, 2645, 1206, 231, 3352
3	45810094	55312099	9.502004	0	3	2	395, 2626
19	45829497	46438687	0.609192	0	3	2	971, 2896
19	45829497	48033795	2.2043	0	3	2	2196, 971
19	45857235	47543745	1.686508	0	5	4	629, 2070, 2587, 238
12	45961947	50950909	4.98896	0	4	3	11, 2533, 1306
19	46019601	48218412	2.198812	0	3	2	238, 3340
19	46019601	48568103	2.548504	0	3	2	2434, 350
19	46158473	48382098	2.223624	0	4	3	456, 629, 2587
10	46159116	53223446	7.064332	0	4	3	1206, 1208, 1552
10	46167847	52908166	6.74032	0	6	5	2289, 2645, 1206, 2690, 231
19	46189909	46450233	0.260324	0	3	2	1277, 2856
19	46560510	49559011	2.9985	0	3	2	238, 3503
2	46908199	52458725	5.550524	0	3	2	1094, 3441
1	47984474	55176115	7.191644	0	17	16	1814, 1826, 816, 2083, 2123, 131, 2561, 2634, 2680, 171, 2981, 3224, 3226, 3227, 3451, 1536
15	48148135	54166869	6.018732	0	3	2	37, 3343
22	48713074	49610157	0.897084	0	3	2	2146, 163
19	48721248	51173218	2.451968	0	3	2	807, 2845
22	48877273	49659772	0.7825	0	3	2	593, 3212
12	48937069	51585869	2.6488	0	66	65	377, 1769, 1928, 1945, 588, 725, 830, 845, 863, 121, 1989, 2053, 2161, 914, 2227, 2299, 944, 2337, 2380, 2411, 2478, 2491, 2504, 2569, 2593, 2606, 992, 1013, 1034, 1052, 1106, 1136, 2686, 2691, 1264, 2780, 2825, 1338, 1343, 2867, 2921, 2937, 2982, 2993, 3018, 3037, 3056, 3093, 3098, 3161, 3288, 3310, 1490, 3347, 3384, 3499, 3520, 1525, 267, 46, 1553, 291, 1611, 1688, 1691
17	49894923	54954180	5.059256	0	4	3	1162, 2861, 1616
15	50215854	55955105	5.739248	0	4	3	796, 2858, 1697
12	50342034	52354938	2.012904	0	60	59	1719, 1720, 377, 1769, 1928, 1945, 588, 830, 845, 863, 121, 1989, 2053, 914, 2227, 944, 2330, 2337, 2411, 2441, 2478, 2491, 2593, 2606, 992, 1013, 1034, 1185, 2686, 2691, 1264, 2780, 2799, 2810, 2825, 32, 2867, 2875, 2921, 2922, 2937, 3018, 3037, 3045, 3093, 3095, 3161, 3257, 3268, 3288, 3310, 1490, 3347, 3520, 267, 46, 1553, 291, 1691
12	50342034	52867910	2.52588	0	54	53	1719, 1720, 377, 1769, 417, 1928, 1945, 830, 845, 863, 1989, 2053, 914, 2227, 944, 2330, 2335, 2337, 2411, 2441, 2478, 2491, 2593, 2606, 992, 1013, 1034, 1185, 2686, 2691, 2780, 2799, 2810, 2825, 32, 2867, 2875, 2937, 3018, 3037, 3045, 3093, 3095, 3161, 3268, 3310, 3347, 3520, 267, 46, 1553, 291, 1691
12	50342034	52867910	2.52588	0	31	30	1719, 1769, 417, 1945, 1989, 2053, 2227, 944, 2330, 2335, 2337, 2411, 2441, 2593, 2606, 1120, 1185, 2686, 2691, 2799, 2825, 32, 2867, 3018, 3037, 3093, 3095, 3347, 46, 291
5	52125265	55913552	3.788288	0	6	5	1893, 1935, 570, 3444, 332
14	54290830	57628804	3.337972	0	8	7	1831, 1871, 2396, 2500, 1014, 1310, 1698
19	55005272	56879974	1.874704	0	3	2	459, 925
1	55143328	58725244	3.581916	0	4	3	860, 2327, 3429
17	55283332	59461769	4.178436	0	3	2	2655, 259
1	56404365	60241193	3.836828	0	6	5	724, 3026, 3381, 3389, 1516
12	57277941	58606587	1.328648	0	17	16	90, 830, 863, 2185, 944, 2354, 2491, 2606, 2684, 2686, 1264, 32, 1490, 3350, 1582, 1691
12	57277941	58606587	1.328648	0	17	16	830, 863, 2185, 944, 2354, 2606, 1003, 1004, 1139, 1264, 29, 32, 3018, 3257, 1490, 1582
12	57277941	58606587	1.328648	0	17	16	830, 863, 2185, 944, 2354, 2606, 1003, 1004, 1139, 1264, 29, 32, 3257, 1490, 3350, 1582
12	57277941	58638254	1.360316	0	18	17	830, 863, 2185, 944, 2354, 2606, 1003, 1004, 1139, 1264, 29, 32, 2958, 3028, 1490, 3350, 1582
12	57277941	58746461	1.46852	0	17	16	830, 863, 2185, 944, 2354, 2606, 1003, 1004, 1139, 1264, 29, 32, 2958, 3018, 1490, 1582
1	57291548	59283572	1.992024	0	3	2	860, 3026
8	60098543	68664102	8.56556	0	11	10	1958, 663, 2442, 1073, 1151, 1263, 3074, 3196, 3393, 1548
12	61923153	66162603	4.239452	0	12	11	2209, 2252, 2354, 2362, 2606, 1137, 1139, 2805, 2958, 1582, 1624
13	63638329	69099501	5.461176	0	7	6	64, 2618, 168, 2734, 3538, 1649
6	63958597	73864203	9.905604	0	3	2	2347, 1199
1	64114301	68634196	4.519892	0	3	2	636, 2017
4	65360981	72428081	7.0671	0	3	2	44, 3544
15	65657634	70178935	4.521304	0	4	3	403, 1816, 2284
15	66471394	69895581	3.424192	0	6	5	403, 1816, 1980, 605, 3313
15	66471394	69895581	3.424192	0	6	5	1816, 1980, 605, 2514, 3313
1	66817970	69983466	3.165496	0	6	5	1723, 486, 872, 3180, 1435
1	66817970	70248115	3.430144	0	20	19	1723, 559, 872, 2089, 2124, 2158, 2207, 2358, 2405, 2572, 1016, 2900, 3180, 1435, 3497, 1534, 1540, 1592, 52
6	67097077	73480021	6.382948	0	3	2	1305, 3314
12	70384505	70949248	0.564744	0	92	91	384, 1805, 1919, 1927, 1961, 510, 1977, 576, 649, 685, 791, 812, 814, 116, 1990, 2010, 2116, 2150, 2165, 2201, 2219, 2336, 2359, 2373, 2383, 2400, 2401, 2414, 2436, 2447, 2503, 2524, 2544, 2567, 2568, 143, 2624, 979, 2677, 1006, 1018, 1055, 1081, 1092, 162, 1145, 1211, 1216, 2681, 2704, 2780, 2786, 2816, 2889, 1366, 2984, 2985, 2986, 3043, 3105, 3118, 3172, 3209, 3225, 3258, 3279, 3281, 226, 3304, 1491, 1497, 3379, 1511, 3414, 258, 3443, 3462, 3471, 3505, 3516, 1523, 1561, 1567, 1613, 1614, 1623, 49, 1640, 1644, 316, 1699
12	70384505	70949248	0.564744	0	83	82	379, 392, 1825, 462, 1919, 1927, 1961, 510, 1977, 1981, 618, 649, 683, 797, 812, 116, 2010, 2068, 2149, 2150, 2155, 2165, 2201, 2219, 2336, 2373, 2383, 2400, 2414, 2436, 2446, 2447, 2463, 2465, 2474, 2499, 2503, 2524, 2544, 2597, 2599, 2600, 143, 2630, 2638, 2652, 979, 2677, 1006, 1046, 1081, 162, 1145, 1211, 2681, 2780, 2786, 2811, 2889, 2985, 2986, 3009, 3118, 3172, 3225, 3258, 1497, 1511, 3411, 3414, 258, 3443, 3471, 3505, 1523, 1541, 1561, 1567, 1613, 1614, 1623, 1644
12	70950744	71048818	0.098072	0	136	135	359, 367, 379, 1767, 384, 392, 1820, 462, 474, 1904, 1917, 1918, 1927, 1940, 1951, 1961, 510, 1977, 1981, 649, 683, 685, 717, 791, 797, 116, 1988, 2006, 2010, 901, 2062, 2116, 2149, 2150, 2165, 2201, 2214, 2219, 2268, 2324, 2373, 2383, 2400, 2428, 2436, 2446, 2447, 2455, 2474, 2502, 2503, 2512, 2524, 2544, 2563, 2567, 2568, 2597, 2598, 2600, 143, 2621, 2624, 2638, 2643, 2653, 979, 2660, 2677, 1006, 1045, 1046, 1055, 1081, 1092, 1095, 162, 1145, 1211, 173, 2681, 2707, 1276, 2760, 2774, 2786, 2811, 2816, 1318, 2889, 1366, 2984, 2985, 2986, 3043, 3079, 3105, 3118, 3172, 3188, 3209, 3225, 3258, 3276, 3279, 3280, 3281, 3304, 1491, 1497, 3379, 1511, 3411, 3414, 258, 3443, 3450, 3459, 3462, 3471, 3505, 3512, 3516, 1523, 1528, 277, 1561, 1567, 1614, 1623, 49, 1640, 1644, 316, 1699
12	70950744	71048818	0.098072	0	119	118	359, 1767, 384, 392, 1805, 427, 1820, 1866, 474, 1904, 1917, 1918, 1927, 1951, 1961, 510, 1977, 649, 683, 685, 717, 791, 116, 1990, 2010, 901, 2062, 2116, 2149, 2150, 2165, 2201, 2219, 2324, 2336, 2373, 2383, 2400, 2401, 2414, 2427, 2436, 2447, 2455, 2474, 2502, 2503, 2512, 2524, 2544, 2563, 2567, 2568, 2600, 143, 2624, 2643, 979, 2677, 1006, 1045, 1055, 1081, 1092, 162, 1145, 1211, 173, 2681, 2707, 1276, 2760, 2774, 2816, 2889, 1366, 2984, 2985, 3043, 3079, 3105, 3118, 3137, 3172, 3188, 3209, 3225, 3258, 3276, 3279, 3280, 3281, 226, 3304, 230, 1491, 1497, 3379, 1511, 3414, 258, 3443, 3462, 3471, 3478, 3505, 3516, 1523, 1528, 1529, 1561, 1567, 1623, 49, 1640, 1644, 316, 1699
12	70950744	71048818	0.098072	0	99	98	359, 392, 1805, 1820, 1866, 1904, 1917, 1927, 1961, 510, 1977, 649, 685, 708, 791, 812, 814, 116, 2010, 901, 2116, 2149, 2150, 2165, 2201, 2219, 2324, 2427, 2447, 2455, 2502, 2503, 2524, 2544, 2563, 2567, 2568, 2600, 143, 2653, 979, 2677, 1006, 1045, 1081, 1092, 1095, 162, 1145, 1211, 2681, 1276, 179, 2780, 2786, 2811, 2889, 1366, 2984, 2985, 2986, 3043, 3058, 3079, 3105, 3118, 3137, 3172, 3188, 3225, 3258, 3279, 3280, 3281, 226, 3304, 1491, 1497, 3379, 1511, 3414, 258, 3443, 3462, 3471, 3478, 3505, 3516, 1523, 1528, 1561, 1567, 293, 1614, 1623, 1640, 1644, 1699
12	70950744	71048818	0.098072	0	117	116	359, 1767, 384, 392, 1805, 427, 1820, 1866, 474, 1904, 1917, 1918, 1927, 1951, 1961, 510, 1977, 649, 683, 685, 708, 791, 116, 2010, 901, 2062, 2116, 2149, 2150, 2165, 2201, 2219, 2324, 2447, 2455, 2474, 2502, 2503, 2512, 2524, 2544, 2563, 2567, 2568, 2600, 143, 2624, 2643, 2653, 979, 2677, 1006, 1045, 1055, 1081, 1092, 1095, 162, 1145, 1211, 173, 2681, 2707, 1276, 2760, 2774, 2811, 2816, 2889, 1366, 2933, 2972, 2984, 2985, 2986, 3043, 3079, 3105, 3118, 3137, 3172, 3188, 3209, 3225, 3258, 3276, 3279, 3280, 3281, 226, 3304, 1491, 1497, 3379, 1511, 3414, 258, 3443, 3462, 3471, 3478, 3505, 3516, 1523, 1528, 1529, 277, 1561, 1567, 293, 1623, 49, 1640, 1644, 316, 1699
12	70950744	71048818	0.098072	0	77	76	359, 392, 1805, 415, 1820, 1866, 1904, 1917, 1951, 1961, 510, 1977, 649, 685, 708, 812, 116, 2010, 901, 2116, 2149, 2150, 2201, 2219, 2324, 2427, 2447, 2455, 2502, 2512, 2563, 2567, 2568, 2600, 143, 2643, 2653, 1045, 1055, 1081, 1092, 1095, 1145, 173, 2681, 1276, 2774, 2889, 1366, 3043, 3058, 3079, 3105, 3118, 3137, 3172, 3188, 3225, 3258, 3279, 3280, 3281, 226, 3379, 1511, 258, 3443, 3471, 3478, 3505, 3516, 1523, 1528, 293, 49, 1699
12	70950744	71048818	0.098072	0	137	136	359, 1767, 384, 392, 427, 1820, 462, 1866, 474, 1904, 1917, 1918, 1927, 1940, 1951, 1961, 510, 1977, 1981, 649, 683, 685, 791, 797, 116, 1988, 2006, 2010, 901, 2062, 2116, 2149, 2150, 2165, 2201, 2219, 2268, 2324, 2373, 2383, 2400, 2428, 2436, 2446, 2447, 2455, 2474, 2502, 2503, 2512, 2524, 2544, 2563, 2567, 2568, 2597, 2598, 2600, 143, 2621, 2624, 2638, 2643, 2653, 979, 2677, 1006, 1045, 1046, 1055, 1081, 1092, 1095, 162, 1145, 1211, 173, 2681, 2707, 1276, 2760, 2774, 2811, 2816, 1318, 2889, 1366, 2933, 2972, 2984, 2985, 2986, 3043, 1408, 3079, 3105, 3118, 3137, 3172, 3188, 3209, 3225, 3258, 3276, 3279, 3280, 3281, 3304, 1491, 1497, 3379, 1511, 3411, 3414, 258, 3443, 3450, 3459, 3462, 3471, 3505, 3512, 3516, 1523, 1528, 1529, 277, 1561, 1567, 293, 1623, 49, 1640, 1644, 316, 1699
12	70950744	71048818	0.098072	0	114	113	1805, 432, 1866, 1874, 1918, 1919, 1927, 1951, 1961, 510, 1977, 649, 683, 717, 791, 812, 116, 1988, 1990, 2010, 2062, 2067, 2116, 2149, 2150, 2165, 2201, 2219, 2336, 2359, 2373, 2383, 2400, 2401, 2414, 2427, 2436, 2447, 2455, 2474, 2503, 2512, 2524, 2544, 2563, 2567, 2568, 2599, 2600, 143, 2624, 2643, 979, 2677, 1006, 1018, 1045, 1046, 1055, 1081, 1092, 162, 1145, 1211, 173, 2681, 2704, 1276, 2774, 2786, 2816, 2889, 1366, 2984, 2985, 3043, 3079, 3105, 3118, 3137, 3172, 3209, 3225, 3258, 3276, 3279, 3281, 3304, 230, 1491, 1497, 3379, 1511, 3414, 258, 3443, 3462, 3471, 3505, 3516, 1523, 1528, 1561, 1567, 1613, 1614, 1623, 49, 1640, 1644, 1648, 316, 1699
12	70950744	71048818	0.098072	0	121	120	359, 1767, 384, 392, 1805, 427, 1820, 1866, 1874, 1904, 1918, 1919, 1927, 1951, 1961, 510, 1977, 649, 683, 685, 717, 791, 812, 116, 1990, 2010, 901, 2062, 2116, 2149, 2150, 2165, 2201, 2219, 2324, 2336, 2373, 2383, 2400, 2401, 2414, 2427, 2436, 2447, 2455, 2474, 2502, 2503, 2512, 2524, 2544, 2563, 2567, 2568, 2600, 143, 2624, 2643, 979, 2677, 1006, 1045, 1055, 1081, 1092, 162, 1145, 1211, 173, 2681, 2704, 2707, 1276, 2760, 2774, 2816, 2889, 1366, 2984, 2985, 3043, 3079, 3105, 3118, 3137, 3172, 3188, 3209, 3225, 3258, 3276, 3279, 3280, 3281, 226, 3304, 230, 1491, 1497, 3379, 1511, 3414, 258, 3443, 3462, 3471, 3478, 3505, 3516, 1523, 1528, 1529, 1561, 1567, 1623, 49, 1640, 1644, 316, 1699
12	70950744	71048818	0.098072	0	111	110	359, 1767, 384, 392, 1805, 427, 474, 1904, 1919, 1927, 1951, 1961, 510, 1977, 618, 649, 683, 717, 791, 116, 1988, 1990, 2010, 2062, 2116, 2149, 2150, 2165, 2201, 2219, 2324, 2336, 2359, 2373, 2383, 2400, 2401, 2414, 2427, 2436, 2447, 2455, 2474, 2502, 2503, 2512, 2524, 2544, 2563, 2567, 2600, 143, 2624, 2643, 979, 2677, 1006, 1018, 1045, 1046, 1055, 1081, 1092, 162, 1145, 1211, 2681, 2704, 2760, 2774, 2816, 2889, 1366, 2984, 2985, 3043, 3105, 3118, 3172, 3188, 3209, 3225, 3258, 3276, 3279, 3280, 3281, 3304, 230, 1491, 1497, 3379, 1511, 3414, 258, 3443, 3462, 3471, 3505, 3516, 1523, 1528, 1561, 1567, 1623, 49, 1640, 1644, 316, 1699
12	70950744	71048818	0.098072	0	127	126	367, 379, 384, 392, 462, 1904, 1918, 1919, 1927, 1940, 1961, 510, 1977, 1981, 649, 683, 685, 717, 791, 797, 812, 116, 1988, 2010, 2062, 2067, 2068, 2116, 2149, 2150, 2165, 913, 2201, 2219, 2268, 2324, 2336, 2359, 2373, 2383, 2400, 2414, 2436, 2446, 2447, 2455, 2474, 2502, 2503, 2512, 2524, 2544, 2563, 2567, 2568, 2599, 2600, 143, 2624, 2638, 2643, 979, 2677, 1006, 1018, 1046, 1055, 1081, 1092, 162, 1145, 1211, 173, 2681, 2704, 1276, 2760, 2774, 2780, 2786, 2811, 2816, 1318, 2889, 1366, 2984, 2985, 2986, 3043, 3079, 3105, 3118, 3172, 3209, 3225, 3258, 3276, 3279, 3281, 3304, 1491, 1497, 3379, 1511, 3411, 3414, 258, 3443, 3459, 3462, 3471, 3505, 3516, 1523, 1528, 1561, 1567, 1613, 1614, 1623, 49, 1640, 1644, 1648, 316, 1699
12	70950744	71048818	0.098072	0	117	116	359, 1767, 384, 392, 1805, 427, 1820, 1866, 474, 1904, 1917, 1918, 1927, 1951, 1961, 510, 1977, 649, 683, 685, 708, 791, 814, 116, 2010, 901, 2062, 2116, 2149, 2150, 2165, 2201, 2219, 2324, 2447, 2455, 2474, 2502, 2503, 2512, 2524, 2544, 2563, 2567, 2568, 2600, 143, 2624, 2643, 2653, 979, 2677, 1006, 1045, 1055, 1081, 1092, 1095, 162, 1145, 1211, 2681, 2707, 1276, 2760, 2774, 2811, 2816, 2889, 1366, 2933, 2972, 2984, 2985, 2986, 3043, 3079, 3105, 3118, 3137, 3172, 3188, 3209, 3225, 3258, 3276, 3279, 3280, 3281, 226, 3304, 1491, 1497, 3379, 1511, 3414, 258, 3443, 3462, 3471, 3478, 3505, 3516, 1523, 1528, 1529, 277, 1561, 1567, 293, 1623, 49, 1640, 1644, 316, 1699
12	70950744	71048818	0.098072	0	120	119	359, 1767, 384, 392, 1805, 427, 1866, 474, 1904, 1918, 1919, 1927, 1951, 1961, 510, 1977, 649, 683, 685, 717, 791, 116, 1990, 2010, 2062, 2116, 2149, 2150, 2165, 2201, 2219, 2324, 2336, 2359, 2373, 2383, 2400, 2401, 2414, 2427, 2436, 2447, 2455, 2474, 2502, 2503, 2512, 2524, 2544, 2563, 2567, 2568, 2600, 143, 2624, 2643, 979, 2677, 1006, 1018, 1045, 1055, 1081, 1092, 162, 1145, 1211, 173, 2681, 2704, 2707, 1276, 2760, 2774, 2816, 2889, 1366, 2984, 2985, 3043, 3079, 3105, 3118, 3137, 3172, 3188, 3209, 3225, 3258, 3276, 3279, 3280, 3281, 226, 3304, 230, 1491, 1497, 3379, 1511, 3414, 258, 3443, 3462, 3471, 3478, 3505, 3516, 1523, 1528, 1529, 1561, 1567, 1623, 49, 1640, 1644, 316, 1699
12	70950744	71048818	0.098072	0	120	119	359, 1767, 384, 392, 1805, 1820, 1866, 1874, 1904, 1918, 1927, 1951, 1961, 510, 1977, 649, 683, 685, 717, 791, 812, 116, 1990, 901, 2062, 2116, 2149, 2150, 2165, 2201, 2219, 2324, 2336, 2373, 2383, 2400, 2401, 2414, 2427, 2436, 2447, 2455, 2474, 2502, 2503, 2512, 2524, 2544, 2563, 2567, 2568, 2600, 143, 2624, 2643, 979, 2677, 1006, 1045, 1055, 1081, 1092, 162, 1145, 1211, 2681, 2704, 2707, 1276, 2760, 2774, 2816, 2889, 1366, 2984, 2985, 3043, 3079, 3105, 3118, 3137, 3172, 3188, 3209, 3225, 3258, 3276, 3279, 3280, 3281, 226, 3304, 230, 1491, 1497, 3379, 1500, 1511, 3414, 258, 3443, 3462, 3471, 3478, 3505, 3516, 1523, 1528, 1529, 1561, 1567, 1613, 1614, 1623, 49, 1640, 1644, 316, 1699
12	70950744	71048818	0.098072	0	120	119	359, 1767, 384, 392, 1805, 427, 1820, 1866, 474, 1904, 1917, 1918, 1927, 1951, 1961, 510, 1977, 649, 683, 685, 717, 791, 116, 1988, 1990, 2010, 901, 2062, 2116, 2149, 2150, 2165, 2201, 2219, 2324, 2336, 2373, 2383, 2400, 2401, 2414, 2427, 2436, 2447, 2455, 2474, 2502, 2503, 2512, 2524, 2544, 2563, 2567, 2568, 2600, 143, 2624, 2643, 979, 2677, 1006, 1045, 1046, 1055, 1081, 1092, 162, 1145, 1211, 173, 2681, 2707, 1276, 2760, 2774, 2816, 2889, 1366, 2984, 2985, 3043, 3079, 3105, 3118, 3137, 3172, 3188, 3209, 3225, 3258, 3276, 3279, 3280, 3281, 3304, 230, 1491, 1497, 3379, 1511, 3414, 258, 3443, 3462, 3471, 3478, 3505, 3516, 1523, 1528, 1529, 1561, 1567, 1623, 49, 1640, 1644, 316, 1699
12	70950744	71048818	0.098072	0	129	128	359, 1767, 384, 392, 1820, 462, 1866, 1904, 1918, 1927, 1940, 1951, 1961, 510, 1977, 1981, 649, 683, 685, 791, 797, 814, 116, 2006, 901, 2062, 2116, 2149, 2150, 2165, 2219, 2324, 2373, 2383, 2400, 2428, 2436, 2446, 2447, 2455, 2474, 2502, 2503, 2512, 2524, 2544, 2563, 2567, 2568, 2597, 2600, 143, 2621, 2624, 2638, 2643, 2653, 979, 1006, 1045, 1046, 1055, 1081, 1095, 162, 1145, 1211, 2681, 2707, 1259, 1276, 2760, 2774, 2811, 2816, 1318, 2889, 1366, 2933, 2972, 2984, 2985, 2986, 3043, 1408, 3079, 3105, 3118, 3137, 3172, 3188, 3209, 3225, 3258, 3276, 3279, 3280, 3281, 3304, 1491, 1497, 3379, 1500, 1511, 3411, 3414, 258, 3443, 3450, 3459, 3462, 3471, 3505, 3512, 1523, 1528, 1529, 277, 1561, 1567, 293, 1614, 1623, 49, 1640, 1644, 316, 1699
12	70950744	71048818	0.098072	0	111	110	359, 384, 392, 1805, 427, 1866, 1874, 1918, 1919, 1927, 1951, 1961, 510, 1977, 649, 685, 717, 791, 812, 116, 1990, 2010, 2062, 2116, 2149, 2150, 2165, 2201, 2219, 2324, 2336, 2359, 2373, 2383, 2400, 2401, 2414, 2427, 2436, 2447, 2474, 2502, 2503, 2512, 2524, 2544, 2563, 2567, 2568, 2600, 143, 2624, 979, 2677, 1006, 1018, 1045, 1055, 1081, 1092, 162, 1145, 1211, 1216, 2681, 2704, 1276, 2774, 2816, 2889, 1366, 2984, 2985, 3043, 3079, 3105, 3118, 3137, 3172, 3188, 3209, 3225, 3258, 3279, 3280, 3281, 226, 3304, 230, 1491, 1497, 3379, 1511, 3414, 258, 3443, 3462, 3471, 3505, 3516, 1523, 1529, 1561, 1567, 1623, 49, 1640, 1644, 316, 1699
12	70950744	71431294	0.480552	0	67	66	392, 415, 1820, 1904, 1961, 510, 1977, 1981, 649, 685, 814, 116, 2004, 2010, 901, 2116, 2149, 2150, 2201, 2219, 2324, 2373, 2427, 2447, 2455, 2502, 2563, 2567, 2568, 2600, 143, 2653, 1045, 1081, 1092, 1095, 1145, 2681, 1276, 179, 2889, 1366, 3043, 3058, 3079, 3105, 3118, 3137, 3188, 3225, 3258, 3279, 3280, 3281, 226, 3379, 1511, 258, 3443, 3505, 3516, 1523, 1528, 293, 337, 1699
12	70963619	71431294	0.46768	0	92	91	359, 1767, 384, 392, 1820, 1866, 1904, 1927, 1961, 1968, 1977, 649, 685, 901, 2062, 2116, 2149, 2150, 2165, 2219, 2324, 2336, 2373, 2379, 2383, 2400, 2401, 2414, 2427, 2436, 2447, 2455, 2502, 2503, 2524, 2544, 2563, 2567, 2568, 143, 2624, 2643, 979, 1006, 1045, 1081, 162, 1145, 1230, 2681, 1276, 2760, 2774, 2816, 2889, 1366, 2984, 2985, 3023, 3079, 3105, 3113, 3137, 3188, 3225, 3258, 3276, 3279, 3280, 226, 3304, 230, 1491, 1497, 3379, 1500, 1511, 3414, 258, 3443, 3462, 3505, 1523, 1528, 1529, 1561, 1567, 1623, 1640, 1644, 316
12	71054415	71431294	0.37688	0	90	89	359, 1767, 392, 1820, 1866, 474, 1904, 1918, 1927, 1961, 1977, 649, 685, 691, 901, 2062, 2116, 2149, 2150, 2165, 2324, 2336, 2373, 2383, 2400, 2401, 2414, 2436, 2447, 2455, 2502, 2503, 2512, 2524, 2544, 2563, 2567, 2568, 143, 2624, 2643, 1006, 1045, 1081, 1092, 162, 1145, 1211, 2681, 1276, 2760, 2774, 2816, 2889, 1366, 2984, 3079, 3105, 3118, 3137, 3172, 3188, 3209, 3225, 3258, 3276, 3279, 3280, 3281, 226, 3304, 230, 1491, 1497, 1511, 3414, 258, 3443, 3462, 3505, 1523, 1528, 1529, 1561, 1567, 1623, 1640, 1644, 316
2	71062648	75419573	4.356928	0	3	2	651, 2944
2	71125171	73613788	2.488624	0	3	2	408, 3142
2	71153154	75657406	4.504256	0	3	2	651, 3330
2	71191681	75657704	4.466024	0	3	2	408, 2751
12	71686653	72145136	0.45848	0	92	91	359, 1767, 392, 1820, 1866, 1904, 1917, 1927, 1951, 1977, 1981, 513, 649, 685, 791, 814, 901, 2062, 2116, 2149, 2150, 2165, 2219, 2324, 2373, 2383, 2400, 2436, 2447, 2455, 2502, 2503, 2512, 2524, 2544, 2563, 2567, 2568, 143, 2624, 2643, 979, 1006, 1045, 1081, 1095, 162, 1145, 2681, 2682, 2707, 1276, 2760, 2774, 2811, 2816, 2889, 1366, 2933, 2986, 3079, 3118, 3172, 3188, 3225, 3258, 3276, 3281, 226, 3304, 1497, 1500, 1511, 3414, 258, 3443, 3462, 3471, 3516, 1523, 1528, 1529, 277, 1561, 1567, 293, 1623, 49, 1640, 1644, 316
2	72031172	73173482	1.142312	0	8	7	504, 2479, 2578, 3370, 253, 1621, 330
2	72031172	74969696	2.938528	0	13	12	2086, 2229, 2417, 2479, 2578, 1297, 1313, 253, 1621, 51, 54, 330
2	72031172	74969696	2.938528	0	13	12	2086, 2229, 2479, 2578, 1297, 1313, 3370, 253, 1621, 51, 54, 330
18	72244551	74466288	2.221736	0	5	4	1930, 1201, 2694, 2705
12	72624088	73373089	0.749	0	122	121	359, 1767, 384, 392, 427, 1820, 462, 1866, 474, 1904, 1917, 1918, 1927, 1940, 1951, 1961, 510, 1977, 1981, 649, 683, 685, 791, 797, 116, 1988, 2006, 2010, 901, 2062, 2116, 2149, 2150, 2165, 2201, 2219, 2268, 2324, 2383, 2400, 2436, 2447, 2455, 2474, 2502, 2503, 2512, 2524, 2544, 2563, 2567, 2568, 2597, 2598, 2600, 143, 2621, 2624, 2638, 2643, 2653, 979, 2677, 1006, 1045, 1046, 1055, 1081, 1095, 1145, 173, 2681, 2707, 1276, 2760, 2774, 2811, 1318, 2889, 1366, 2933, 2985, 2986, 3058, 1408, 3079, 3105, 3137, 3188, 3209, 3225, 3258, 3276, 3280, 3281, 3304, 1491, 1497, 1511, 3411, 3414, 3443, 3450, 3459, 3462, 3471, 3505, 3512, 3516, 1523, 1528, 1529, 277, 1567, 293, 1623, 49, 1640, 1644, 316, 1699
11	73004359	78917419	5.913056	0	12	11	1707, 1817, 443, 2000, 2580, 2665, 2666, 996, 150, 1102, 1612
8	73378900	78161374	4.78248	0	3	2	1841, 108
13	74193208	78903886	4.71068	0	6	5	1931, 726, 749, 1258, 1373
13	74450509	77684537	3.234024	0	3	2	1083, 3408
13	74450509	78034564	3.584048	0	5	4	1931, 726, 749, 3413
13	74450509	78903886	4.453376	0	5	4	1931, 749, 1083, 1373
14	74992383	79108881	4.116496	0	3	2	1785, 105
14	75795136	79637509	3.842376	0	4	3	105, 1219, 3220
14	75875225	79070242	3.195016	0	32	31	1894, 1907, 512, 539, 542, 110, 839, 2142, 2223, 2230, 2239, 2240, 2311, 2322, 2399, 2543, 2562, 1025, 2908, 3047, 3083, 1419, 3220, 1437, 3264, 3483, 3494, 3567, 1532, 1630, 327
14	75876845	79623717	3.746872	0	16	15	1894, 1907, 110, 2223, 2311, 2322, 2543, 2562, 1341, 3083, 3220, 1437, 3264, 3567, 1532
12	76422999	76545695	0.122696	0	13	12	797, 2398, 2414, 2511, 2597, 1045, 1256, 1318, 1491, 1511, 3505, 316
13	77065844	81339544	4.273704	0	4	3	2610, 1083, 1373
17	77325124	80277590	2.952472	0	3	2	745, 2295
17	77394037	80277590	2.883552	0	3	2	745, 3363
12	79024724	85393905	6.369184	0	8	7	2115, 2675, 2813, 1424, 3300, 3318, 3569
13	79533982	84133144	4.59916	0	37	36	1781, 1808, 1869, 1880, 1890, 530, 537, 703, 712, 2136, 2163, 2197, 2265, 2275, 2381, 2605, 2610, 1064, 1235, 2920, 1375, 1401, 3117, 1440, 1452, 1512, 3449, 3485, 3491, 3578, 3586, 1547, 292, 1666, 1667, 1682
13	80369246	84474192	4.104944	0	37	36	1781, 1808, 1869, 1880, 530, 537, 703, 2114, 2136, 2138, 2197, 2265, 2381, 2605, 1064, 1209, 1375, 1401, 3117, 1440, 1452, 3322, 3328, 3376, 1512, 3449, 3470, 3485, 3546, 3578, 3586, 1547, 1551, 292, 1666, 1682
11	81505463	87748118	6.242656	0	4	3	1780, 917, 141
10	82082340	87991690	5.909352	0	3	2	546, 3533
10	82412633	87293014	4.880384	0	3	2	546, 3243
4	83582565	89048627	5.466056	0	3	2	694, 2490
8	83612205	90364767	6.75256	0	4	3	1859, 130, 308
11	84813476	91130378	6.316904	0	4	3	747, 862, 2018
2	85127645	88717197	3.589552	0	3	2	3019, 347
2	85134762	90106490	4.971728	0	5	4	448, 18, 1307, 2948
2	85134762	96775383	11.64062	0	3	2	2264, 244
2	85202120	95743870	10.54175	0	4	3	2948, 1539, 324
2	85286519	95743870	10.45735	0	6	5	780, 956, 2804, 2897, 3496
2	85286519	95909631	10.62311	0	4	3	896, 1507, 1676
2	85318939	95568655	10.24972	0	4	3	114, 1307, 1367
2	85364093	95534003	10.1699	0	4	3	938, 2798, 3588
2	85378024	95568655	10.19063	0	4	3	2098, 2217, 20
2	85378024	97365213	11.98719	0	4	3	1040, 3380, 1507
2	85380052	97365213	11.98517	0	4	3	1040, 1507, 3507
2	85401958	95784417	10.38246	0	4	3	398, 1865, 1084
2	85514576	95909631	10.39506	0	4	3	706, 2310, 1129
2	85514576	96056525	10.54195	0	4	3	72, 1129, 2949
2	85514576	96775383	11.26081	0	5	4	60, 483, 908, 2585
2	85707654	97577495	11.86984	0	5	4	483, 788, 2753, 246
2	85748719	95909631	10.16091	0	3	2	824, 1266
2	85813834	92290511	6.47668	0	5	4	788, 2130, 1380, 3571
2	85826721	98997808	13.17109	0	6	5	660, 819, 908, 146, 1414
2	85965769	96775383	10.80962	0	3	2	413, 788
2	86114252	97577495	11.46324	0	5	4	1810, 1983, 707, 788
2	86167439	98686948	12.5195	0	5	4	1810, 531, 990, 246
2	86656999	97365213	10.70822	0	4	3	72, 2456, 1240
2	86685133	97365213	10.68008	0	4	3	811, 2152, 1032
2	86685133	97365213	10.68008	0	4	3	475, 750, 2801
2	86685133	97577495	10.89236	0	5	4	1810, 788, 881, 1032
2	86685133	98763291	12.07815	0	4	3	695, 2076, 1317
2	86685133	98916568	12.23143	0	3	2	929, 17
2	86685133	99272057	12.58692	0	4	3	675, 17, 1047
2	86687088	96967040	10.27995	0	7	6	77, 2297, 2469, 2753, 1383, 3351
2	86750315	97577495	10.82718	0	5	4	483, 788, 2495, 1118
2	86840691	97365213	10.52453	0	5	4	660, 888, 146, 3380
2	86858749	97626485	10.76774	0	3	2	487, 956
2	86858749	98997808	12.13906	0	13	12	356, 1857, 1032, 17, 1161, 1233, 1364, 3166, 3229, 1467, 3507, 3508
2	86858749	98997808	12.13906	0	12	11	356, 1857, 654, 2146, 1032, 1161, 1364, 3166, 3229, 3507, 3508
2	86858749	100055763	13.19701	0	6	5	487, 654, 1047, 3166, 3508
2	86872835	98997808	12.12498	0	8	7	695, 819, 2506, 2625, 994, 1234, 3166
2	86980418	100225347	13.24493	0	5	4	475, 509, 531, 2420
2	87009742	99325947	12.3162	0	3	2	660, 1421
2	87009742	101065099	14.05535	0	3	2	952, 1421
2	87011103	97167343	10.15624	0	5	4	448, 1884, 1082, 3317
2	87011103	100333377	13.32227	0	6	5	1889, 475, 70, 2305, 2905
2	87032596	98997808	11.96522	0	7	6	77, 695, 819, 2669, 2855, 3166
2	87032596	101051902	14.01931	0	4	3	70, 1163, 2855
2	87044805	98686948	11.64214	0	4	3	1134, 246, 1550
2	87058568	99541476	12.4829	0	9	8	1778, 1842, 70, 1241, 1309, 1379, 3325, 1674
2	87084916	100576653	13.49174	0	5	4	1237, 2855, 1390, 1527
2	87104474	97365213	10.26074	0	3	2	72, 936
2	87104474	97577495	10.47302	0	6	5	531, 788, 936, 2617, 246
2	87104474	98987933	11.88346	0	3	2	801, 869
2	87104474	98987933	11.88346	0	4	3	1766, 801, 3351
2	87108211	99924918	12.81671	0	6	5	869, 1994, 17, 1234, 2905
2	87315054	97365213	10.05016	0	3	2	801, 3380
2	87322042	99541476	12.21943	0	9	8	1778, 447, 1842, 70, 1309, 1379, 3325, 1674
2	87428677	96967040	9.53836	0	4	3	77, 573, 2297
2	87428677	97577495	10.14882	0	5	4	788, 936, 146, 1460
2	87428677	98892107	11.46342	0	3	2	801, 1403
2	87428677	98997808	11.56913	0	6	5	915, 936, 146, 1234, 3166
2	87428677	100761309	13.33263	0	6	5	915, 1093, 1234, 2776, 1557
2	87430727	98997808	11.56708	0	7	6	356, 695, 819, 1237, 2905, 3166
2	87430727	99252984	11.82226	0	9	8	695, 936, 2385, 963, 2625, 2669, 1234, 3166
9	87450180	91329119	3.878944	0	3	2	611, 3108
2	87477045	99321726	11.84468	0	6	5	660, 815, 1250, 3016, 3358
2	87481274	98997808	11.51654	0	8	7	1857, 1032, 17, 1233, 1364, 3166, 237
2	87481274	98997808	11.51654	0	8	7	695, 815, 2333, 2625, 1331, 2855, 3358
2	87481274	100725119	13.24385	0	7	6	1895, 77, 2669, 2855, 1397, 1588
2	87628556	100470189	12.84163	0	7	6	475, 695, 2625, 1346, 2855, 3317
1	87697457	92212102	4.514648	0	4	3	1033, 1450, 3338
1	87753905	90645438	2.891536	0	4	3	1870, 621, 3249
5	87758105	94246535	6.488432	0	4	3	1036, 3504, 1634
1	87939217	92170708	4.231488	0	3	2	673, 3573
1	88005122	91588438	3.58332	0	3	2	676, 1535
7	88216467	92595863	4.3794	0	6	5	658, 2266, 2410, 2768, 1359
7	88216467	93447327	5.230864	0	8	7	1855, 533, 2266, 2341, 2343, 2410, 1359
2	88379607	100258343	11.87874	0	30	29	1743, 1775, 447, 1842, 1857, 1937, 675, 1994, 899, 2128, 2297, 2457, 2609, 2632, 1069, 1262, 2730, 2764, 1309, 1379, 3234, 1483, 3335, 3342, 3510, 3519, 3531, 1554, 1700
5	88758291	95378364	6.62008	0	13	12	1922, 2031, 2415, 2421, 2429, 2709, 2911, 210, 233, 3412, 3427, 3504
1	88844311	94480770	5.636456	0	3	2	659, 221
1	90312742	94528874	4.216128	0	3	2	1886, 221
1	90532229	97380346	6.848112	0	3	2	1818, 129
14	92019549	95273389	3.25384	0	3	2	393, 3467
9	92167690	98526585	6.358896	0	4	3	355, 2615, 1322
14	92367411	95553362	3.185952	0	3	2	393, 1202
14	93003940	95846518	2.842584	0	6	5	393, 491, 2104, 907, 1311
15	93634933	95140774	1.50584	0	3	2	679, 2954
15	93710301	95134035	1.423728	0	3	2	679, 2627
1	94517254	98273735	3.75648	0	31	30	1732, 1754, 1799, 619, 696, 743, 892, 1993, 2043, 2094, 2107, 2141, 2157, 2215, 2342, 950, 2374, 2468, 2492, 2591, 1041, 1361, 3110, 3222, 1439, 3261, 3426, 3493, 1545, 1625
1	94517254	98273735	3.75648	0	31	30	1732, 1754, 1799, 619, 696, 743, 892, 1993, 2043, 2094, 2107, 2141, 2157, 2215, 2342, 950, 2374, 2468, 2492, 2591, 1125, 1361, 3110, 3222, 1439, 3261, 3426, 3493, 1545, 1625
10	94846093	101343431	6.497336	0	4	3	91, 2243, 2483
2	96741757	103180530	6.438768	0	19	18	2236, 2257, 2384, 2397, 2422, 2444, 2522, 2542, 2608, 156, 1168, 1265, 2718, 1299, 2783, 3214, 3231, 3486
10	98158494	105483784	7.325288	0	3	2	2254, 1188
14	98263147	101187047	2.923904	0	8	7	1716, 1749, 1750, 1024, 1026, 1466, 1678
10	98534216	102926766	4.392552	0	13	12	1843, 752, 1996, 2059, 2175, 2640, 2656, 1050, 1330, 3237, 1565, 1654
14	99000665	101326828	2.326168	0	7	6	1906, 847, 2272, 2348, 1249, 3477
14	99000665	101350342	2.34968	0	8	7	1716, 2272, 1024, 1026, 1466, 3540, 1678
14	99032983	101026148	1.99316	0	18	17	1882, 1920, 1956, 534, 770, 842, 2277, 2443, 211, 3124, 3452, 3518, 3582, 3583, 1572, 1635, 5
14	99056611	101026148	1.969536	0	16	15	1846, 1882, 770, 842, 2437, 1242, 3124, 3582, 3583, 274, 281, 1572, 1635, 1637, 5
14	99056636	101026148	1.969504	0	45	44	1762, 1803, 1846, 463, 1882, 1892, 1903, 1962, 507, 770, 842, 1992, 2016, 2029, 2084, 2099, 2176, 2225, 2353, 2394, 2437, 2496, 2505, 2622, 2654, 1107, 1242, 2743, 185, 1340, 2963, 3024, 3124, 3176, 1473, 3582, 3583, 274, 281, 1572, 1580, 1635, 1637, 1677
14	99084372	101026148	1.941776	0	15	14	1811, 1882, 1912, 1956, 770, 842, 2437, 211, 3549, 3559, 274, 1572, 1635, 5
14	99084372	101026148	1.941776	0	16	15	1811, 1882, 1912, 1956, 770, 842, 2437, 211, 3559, 3582, 3583, 274, 1572, 1635, 5
14	99084372	101026148	1.941776	0	51	50	1717, 1755, 1762, 1803, 1846, 463, 1882, 1903, 1920, 1962, 507, 534, 575, 770, 842, 1992, 2016, 2029, 2084, 2099, 2176, 2225, 2277, 2353, 2394, 2471, 2496, 2505, 2622, 2667, 1192, 1242, 185, 1340, 1345, 2995, 3024, 3124, 3176, 3448, 3560, 3582, 3583, 281, 1572, 1580, 1627, 1635, 1637, 1677
14	99135675	101026148	1.890472	0	62	61	1717, 1762, 1803, 1846, 463, 1882, 1892, 1903, 1920, 1962, 507, 575, 632, 770, 842, 1992, 2016, 2029, 2084, 2099, 2102, 2176, 2179, 2225, 2353, 2382, 2394, 2437, 2471, 2496, 2505, 2521, 2619, 2622, 2667, 1107, 1192, 2716, 2743, 185, 1314, 1340, 1345, 2963, 2995, 3024, 3124, 3176, 1473, 3448, 3560, 3582, 3583, 281, 1572, 1580, 1627, 1635, 1637, 1677, 1693
14	99182626	101535836	2.353216	0	6	5	1716, 1906, 609, 2272, 3540
14	99182626	101535836	2.353216	0	6	5	1906, 609, 2272, 2348, 3540
14	99421725	101026148	1.604416	0	16	15	1811, 1956, 770, 842, 2277, 2443, 2470, 1296, 211, 3559, 3582, 3583, 1572, 1635, 5
14	99421725	101653480	2.231752	0	30	29	409, 770, 2016, 2029, 2084, 2099, 2176, 2179, 2471, 2613, 981, 1192, 2716, 2743, 185, 2963, 2995, 3024, 3124, 3176, 1473, 3582, 3583, 1580, 1627, 1628, 1635, 1637, 1677
14	99423722	101026148	1.602424	0	46	45	1846, 575, 632, 682, 770, 2016, 2029, 2084, 2099, 2102, 2176, 2179, 2353, 2382, 2394, 2470, 2496, 2521, 2619, 2667, 1107, 1192, 2716, 2743, 1296, 2788, 185, 1314, 1340, 1345, 2963, 2995, 3024, 3124, 3176, 1473, 3560, 3582, 3583, 281, 1572, 1580, 1635, 1637, 1677
1	100081117	104984420	4.903296	0	8	7	1722, 1872, 1975, 14, 17, 3044, 3155
2	100194846	101506002	1.311152	0	4	3	447, 884, 1265
10	100346062	107460228	7.11416	0	7	6	887, 2047, 2549, 1376, 3013, 3307
13	101530179	104218933	2.68876	0	6	5	1776, 1982, 684, 2024, 243
13	101530179	104377856	2.84768	0	5	4	1776, 684, 243, 3487
1	102705824	107936393	5.230568	0	5	4	1792, 927, 2328, 1451
13	103874921	106393971	2.519048	0	3	2	567, 3089
13	104362264	106246189	1.883928	0	3	2	452, 3164
1	104376121	107936393	3.560272	0	6	5	927, 2317, 2328, 3219, 1451
9	104708457	109153388	4.444936	0	3	2	699, 192
1	105134643	106096131	0.961488	0	11	10	1722, 1915, 1975, 2493, 2601, 17, 3038, 3044, 218, 3155
1	105134643	106770076	1.63544	0	20	19	353, 1722, 1915, 1975, 929, 2449, 2493, 2601, 2620, 14, 2737, 2766, 3038, 3039, 3044, 3155, 3385, 283, 1583
1	105134643	106770098	1.635456	0	25	24	353, 1722, 1915, 1975, 524, 929, 947, 2355, 2449, 2493, 2601, 2620, 2726, 2758, 2766, 3038, 3044, 218, 3155, 3203, 3385, 3460, 283, 1583
8	105221758	114267773	9.046016	0	6	5	437, 833, 1571, 1574, 1581
3	105304484	110096453	4.791976	0	6	5	1836, 1100, 176, 2789, 3050
9	105430670	109365223	3.934552	0	8	7	1758, 690, 2062, 1157, 2754, 2888, 1481
3	105467984	110079267	4.61128	0	11	10	66, 2194, 2450, 1184, 1197, 1272, 2736, 2789, 1566, 1680
3	105505307	110601908	5.0966	0	14	13	1777, 1836, 540, 2224, 2679, 176, 2789, 1358, 1386, 3217, 3406, 3442, 1680
3	105695700	110186611	4.490912	0	20	19	1777, 402, 547, 2194, 2224, 2389, 2661, 1146, 186, 3050, 3131, 1457, 3406, 3442, 3461, 3530, 295, 1595, 1680
3	105695700	110734110	5.038416	0	21	20	1777, 402, 454, 1924, 810, 2106, 2679, 1197, 176, 2789, 186, 2929, 3050, 3097, 1436, 1471, 1503, 3442, 3530, 295
3	105695700	111050246	5.354552	0	11	10	1777, 402, 454, 1924, 1198, 2789, 3097, 1436, 3442, 3530
9	105790119	107968541	2.178424	0	3	2	2258, 1020
3	105813832	110079267	4.265432	0	19	18	66, 1924, 498, 2077, 2224, 2679, 1115, 1144, 1184, 1197, 2755, 2765, 2789, 186, 1358, 2929, 3530, 1680
3	105813832	111253819	5.439984	0	25	24	1777, 66, 1924, 498, 810, 2106, 2194, 2224, 2418, 2679, 999, 1146, 1197, 2749, 2789, 186, 1371, 3050, 1471, 3334, 1503, 3442, 3461, 3530
3	105813832	111513031	5.6992	0	19	18	66, 1924, 498, 2224, 2679, 999, 1146, 1197, 2755, 2765, 2789, 1358, 2929, 3050, 222, 3334, 1503, 3530
3	105813832	111513031	5.6992	0	24	23	1777, 66, 1924, 498, 2106, 2224, 2679, 999, 1146, 1197, 2749, 2755, 2789, 186, 1358, 2929, 1371, 3050, 1471, 3334, 1503, 3442, 3530
3	105813832	111793316	5.97948	0	23	22	1777, 1838, 66, 1924, 498, 810, 2194, 2224, 2679, 1115, 1144, 1197, 2765, 2789, 186, 2929, 3272, 3334, 3442, 3461, 3530, 1680
3	105813832	111860116	6.04628	0	21	20	66, 1924, 498, 2077, 2106, 2679, 1056, 1115, 1146, 1197, 2749, 2755, 2789, 186, 1358, 2929, 1371, 3050, 1471, 3336
9	105963129	110241361	4.278232	0	5	4	1952, 718, 2049, 3077
9	105964224	109161813	3.197592	0	6	5	1705, 516, 568, 1333, 326
9	105964224	109727686	3.763464	0	6	5	568, 192, 3020, 3565, 1633
9	105964224	109802363	3.838136	0	11	10	1705, 1879, 1952, 2008, 2049, 2269, 2575, 1194, 1196, 1333
9	105964224	110223936	4.259712	0	8	7	516, 106, 2271, 1357, 2885, 3501, 326
9	106038803	110114396	4.0756	0	5	4	2271, 945, 2551, 1669
9	106067533	110318544	4.251008	0	5	4	2008, 2271, 945, 2551
9	106080235	109991942	3.911712	0	4	3	556, 192, 3565
3	106150812	112947087	6.796272	0	3	2	361, 339
1	106306104	109273319	2.967216	0	7	6	1975, 689, 2527, 2775, 218, 1596
1	106306104	109303307	2.9972	0	5	4	1975, 689, 2304, 218
3	106334025	112372317	6.038296	0	17	16	1777, 402, 454, 1938, 498, 134, 2607, 1115, 1197, 176, 2789, 2796, 186, 1358, 1503, 3530
9	106345031	110472296	4.127264	0	3	2	2551, 1193
9	106375915	110144329	3.768416	0	4	3	2432, 973, 3446
9	106387226	110299884	3.912664	0	3	2	953, 1575
3	106402233	110928208	4.525976	0	9	8	671, 134, 2631, 985, 1144, 2697, 2741, 1559
3	106421910	112407390	5.98548	0	14	13	1777, 454, 1938, 498, 134, 2386, 2607, 1115, 1197, 1300, 2796, 1358, 3530
1	106457397	108294496	1.837096	0	6	5	2507, 1080, 2770, 2772, 352
9	106520727	109365223	2.844496	0	8	7	1758, 690, 2062, 1157, 2888, 3204, 1481
9	106520727	110228609	3.70788	0	5	4	2122, 1295, 1357, 3482
9	106520727	110439808	3.91908	0	3	2	1705, 119
8	106521845	116650219	10.12837	0	7	6	437, 1854, 580, 2462, 1574, 1581
8	106521845	116663933	10.14209	0	7	6	437, 1854, 580, 2462, 3404, 1581
9	106616690	110223936	3.607248	0	11	10	516, 106, 2022, 2119, 2271, 2484, 2588, 1111, 3337, 326
9	106616690	110231817	3.615128	0	13	12	516, 2022, 2119, 2271, 2378, 2484, 2588, 1111, 3337, 3482, 321, 326
9	106616690	110489551	3.872864	0	12	11	1736, 2022, 2119, 2271, 2484, 2588, 1111, 1288, 2946, 3337, 321
9	106616690	110489551	3.872864	0	11	10	1736, 2022, 2119, 2271, 2484, 2588, 1111, 1288, 3388, 321
1	106617673	110418083	3.800408	0	6	5	1975, 689, 2304, 977, 1176
3	106705307	112055023	5.34972	0	12	11	1777, 498, 671, 134, 2386, 1144, 1197, 2741, 2796, 3492, 1559
3	106705307	112825287	6.119984	0	8	7	498, 647, 762, 134, 2386, 1197, 2741
3	106809176	112436847	5.627672	0	15	14	361, 1777, 498, 134, 2386, 2607, 1115, 1197, 2699, 1269, 2789, 2796, 1358, 3530
3	106809176	112829890	6.020712	0	12	11	402, 498, 762, 134, 2607, 1115, 1197, 1269, 2789, 2796, 186
9	106854958	110271116	3.41616	0	7	6	407, 808, 106, 2271, 1060, 3337
9	107056857	110299884	3.243032	0	3	2	119, 3157
9	107292001	110291122	2.99912	0	3	2	6, 1030
12	107426172	114659981	7.233808	0	9	8	1845, 2041, 2338, 2375, 2792, 1323, 1362, 3053
2	108202221	115305939	7.103712	0	3	2	479, 2701
2	108204797	114736518	6.53172	0	3	2	479, 1248
1	109401686	110766396	1.364712	0	22	21	62, 1773, 449, 1863, 1960, 558, 2075, 2241, 2475, 2507, 2577, 2668, 1080, 158, 161, 2770, 2772, 2864, 3400, 3484, 3564
1	109401686	112141765	2.74008	0	24	23	62, 1773, 412, 449, 1863, 1950, 1960, 552, 558, 2075, 2148, 2231, 2241, 2475, 2507, 2577, 2668, 1080, 158, 1221, 2770, 2772, 3400
5	109416263	115358282	5.942016	0	3	2	257, 3481
5	109420155	114743497	5.323344	0	5	4	583, 2393, 2460, 3158
5	109420155	114743497	5.323344	0	5	4	583, 3158, 3254, 3481
1	109555272	112061134	2.505864	0	4	3	2222, 1176, 1327
2	109649394	115767635	6.11824	0	3	2	206, 1602
2	109651490	117291025	7.639536	0	3	2	206, 3246
12	109672050	114492267	4.820216	0	9	8	1845, 2041, 2375, 2792, 1323, 1362, 2906, 3053
5	109923260	114743497	4.820232	0	5	4	583, 2460, 3158, 3254
2	110437575	115305939	4.86836	0	5	4	932, 2701, 2901, 3246
6	111369781	118525699	7.155912	0	12	11	1827, 2193, 2274, 2541, 1231, 2717, 2950, 3034, 228, 1468, 1494
9	111388183	114832050	3.443864	0	18	17	1877, 1896, 1898, 1954, 529, 594, 782, 2419, 2538, 1038, 1098, 1236, 1246, 1294, 2961, 3386, 1663
6	111493145	119055242	7.562096	0	12	11	1827, 2193, 2274, 2541, 2596, 1231, 2717, 2950, 228, 1468, 1494
9	111522389	114422837	2.900448	0	21	20	1800, 1877, 480, 1954, 1976, 594, 630, 782, 1070, 1098, 1236, 31, 1294, 2955, 3054, 219, 3247, 3326, 3455, 1663
9	111522389	114802265	3.279872	0	19	18	1877, 1898, 480, 1954, 594, 630, 782, 2033, 2376, 1070, 1098, 1236, 1246, 31, 1294, 3054, 3247, 1663
9	111522389	114832028	3.30964	0	25	24	1712, 1800, 1821, 1877, 1954, 594, 635, 782, 2033, 2376, 1038, 1070, 1098, 31, 1294, 2806, 189, 2955, 3247, 3308, 3309, 3374, 3455, 1663
9	111522389	114835829	3.31344	0	19	18	1747, 1877, 480, 1954, 630, 692, 782, 941, 1096, 1152, 1236, 2955, 219, 3247, 3374, 3455, 1663, 351
9	111522389	114842393	3.32	0	22	21	1800, 1877, 480, 1954, 594, 635, 782, 2033, 2376, 1070, 1098, 31, 1294, 189, 2955, 3247, 3308, 3309, 3374, 3455, 1663
9	111522389	114842393	3.32	0	23	22	1731, 1877, 480, 1954, 635, 782, 2033, 2096, 941, 2376, 1070, 1098, 31, 1294, 189, 2955, 3247, 3308, 3309, 3374, 3455, 1663
9	111536091	114842393	3.306304	0	20	19	480, 1954, 630, 782, 793, 941, 2604, 1070, 1098, 1236, 31, 1294, 2955, 219, 3247, 3309, 3374, 3455, 1663
2	111869945	115586939	3.716992	0	3	2	1248, 2803
9	111942504	115367078	3.424576	0	41	40	1712, 1731, 1821, 1877, 1896, 1954, 500, 543, 635, 782, 2033, 2096, 2103, 2125, 2164, 941, 2376, 2419, 2448, 1038, 1070, 1098, 1152, 2720, 1294, 189, 2847, 2961, 3185, 3247, 3308, 3309, 3374, 3428, 3455, 1533, 303, 313, 1663, 351
9	111942504	115577950	3.635448	0	38	37	1712, 1877, 1896, 1954, 500, 543, 635, 782, 2033, 2096, 2103, 2125, 2164, 941, 2376, 2419, 2448, 1038, 1070, 1152, 1245, 2720, 1294, 189, 2847, 2961, 3185, 3247, 3308, 3309, 3374, 3428, 3455, 1533, 303, 1663, 351
9	111966507	115111709	3.145208	0	30	29	1800, 1821, 1877, 1896, 1954, 500, 591, 635, 782, 2033, 2096, 2125, 2406, 2419, 2448, 1098, 1152, 2720, 1294, 2817, 189, 2847, 2961, 3185, 3308, 3428, 313, 1663, 351
9	111980234	115111709	3.13148	0	35	34	1712, 1731, 1821, 1877, 1896, 1954, 543, 635, 2033, 2096, 2103, 2125, 2164, 941, 2376, 2419, 1038, 1098, 1152, 1217, 1294, 2806, 2817, 189, 2847, 3185, 3247, 3308, 3428, 3455, 1533, 313, 1663, 351
9	111992509	114877429	2.88492	0	10	9	1747, 591, 674, 782, 793, 2538, 1236, 3386, 1543
9	112236879	115577950	3.341072	0	29	28	1712, 1896, 500, 543, 782, 2103, 2125, 2164, 941, 2376, 2419, 2448, 1070, 1074, 1152, 1245, 1294, 2782, 2847, 2961, 3185, 3308, 3309, 3428, 3455, 1533, 303, 351
9	112329589	114832050	2.502456	0	10	9	1898, 1954, 529, 782, 2538, 1038, 1328, 2961, 1663
9	112329589	114835479	2.505888	0	23	22	1747, 389, 1800, 1823, 1877, 1900, 480, 1954, 630, 782, 2033, 2057, 2096, 2125, 1096, 1236, 2955, 3247, 3308, 3374, 1650, 1663
9	112370353	115577950	3.2076	0	16	15	1747, 383, 543, 692, 2096, 2419, 1152, 1236, 1245, 2782, 3185, 3308, 3374, 3428, 351
10	112392162	115747742	3.355584	0	4	3	2912, 3221, 59
10	112392162	115780904	3.388744	0	3	2	3017, 59
10	112392162	116148655	3.756496	0	4	3	2967, 3221, 59
10	112464824	116362320	3.897496	0	3	2	157, 3572
10	112539859	116233824	3.693968	0	3	2	642, 3550
10	112539859	116362320	3.822464	0	3	2	472, 1008
10	112539859	116649712	4.109856	0	3	2	1008, 3550
10	112542149	116362320	3.820168	0	3	2	1008, 2892
10	112559414	115524913	2.965496	0	4	3	2245, 2489, 1220
10	112605471	116362320	3.756848	0	3	2	442, 2892
10	113516494	116971661	3.455168	0	3	2	1943, 1417
10	114057883	115622375	1.564496	0	3	2	1203, 3550
10	114057883	118356353	4.298472	0	3	2	1203, 3568
10	114081995	116649712	2.56772	0	3	2	1008, 3091
3	114104176	118523539	4.41936	0	5	4	761, 2270, 2445, 296
10	114110210	118381212	4.271008	0	4	3	2316, 2648, 241
10	114167303	117710295	3.542992	0	3	2	10, 2910
10	114549196	117997871	3.448672	0	3	2	442, 2910
10	114745788	118356353	3.61056	0	3	2	495, 2893
10	114805860	116362320	1.556464	0	3	2	1417, 3122
5	115169920	121082136	5.912216	0	3	2	3030, 1501
10	115781902	118567969	2.786064	0	3	2	841, 3190
11	116405204	120155564	3.750368	0	9	8	460, 120, 2552, 1172, 247, 3432, 3523, 3579
1	117296519	121356440	4.05992	0	6	5	362, 732, 3072, 3424, 275
1	117296519	121356440	4.05992	0	6	5	362, 732, 3072, 3434, 275
2	117367657	121916629	4.548976	0	3	2	2413, 191
1	117487607	146490722	29.00311	0	17	16	1706, 1974, 638, 92, 721, 732, 2253, 2404, 1052, 2790, 2857, 3064, 3072, 1434, 1691, 338
1	117574630	146057292	28.48266	0	14	13	1706, 1974, 92, 721, 732, 2253, 937, 2404, 1052, 3064, 3072, 1691, 338
1	118106076	119993484	1.887408	0	8	7	721, 2188, 2261, 1280, 3072, 38, 1655
10	118521635	122145708	3.62408	0	4	3	1757, 1391, 3082
3	118781005	122685349	3.904344	0	15	14	777, 2171, 2248, 1126, 2702, 2915, 3163, 3197, 229, 3324, 1492, 3368, 3464, 1605
1	119068788	145726727	26.65794	0	8	7	1936, 713, 2015, 2061, 1251, 2740, 1370
1	119068788	147235595	28.16682	0	3	2	532, 798
3	119316828	123966566	4.649736	0	38	37	1795, 423, 435, 1925, 1933, 83, 825, 2171, 919, 2228, 2248, 2321, 2392, 2498, 2557, 2573, 1059, 1126, 2822, 2994, 3002, 208, 3041, 3059, 3106, 3197, 1448, 3368, 3383, 3440, 3447, 3466, 3472, 266, 3561, 1590, 1639
3	119346990	124162156	4.815168	0	48	47	423, 1819, 1925, 1933, 1946, 83, 825, 2126, 2250, 2280, 2281, 2321, 2352, 2390, 2392, 2481, 2498, 2573, 2671, 1042, 1053, 1059, 1126, 2793, 2812, 2839, 198, 3002, 208, 3059, 3106, 3197, 3210, 3230, 3287, 1448, 3368, 3383, 1506, 3447, 3466, 3472, 3561, 1590, 1639, 315, 1684
7	119388127	125337093	5.948968	0	6	5	2191, 2409, 1062, 1291, 3154
3	119491949	124756589	5.26464	0	4	3	1253, 2793, 1597
3	119501382	124027488	4.526104	0	58	57	387, 1819, 455, 1858, 1946, 501, 83, 614, 643, 670, 840, 891, 1997, 1998, 2002, 2126, 919, 2246, 2250, 2280, 2307, 2318, 2321, 2392, 2481, 2498, 2545, 2573, 2671, 159, 1126, 1252, 1260, 2724, 2793, 2812, 2824, 2839, 2866, 2898, 198, 2947, 2956, 3106, 3230, 3251, 3271, 3287, 3359, 1506, 3561, 1542, 315, 1684, 1689, 335, 1702
3	119507632	124925934	5.418304	0	5	4	1819, 520, 2724, 1499
3	119524651	122780470	3.255824	0	27	26	387, 1819, 1925, 1933, 643, 2171, 2248, 2281, 2352, 2390, 2392, 2498, 2573, 1053, 1126, 208, 3057, 3059, 3106, 3163, 3197, 229, 1448, 3368, 266, 1639
3	119526176	124027488	4.501312	0	51	50	423, 1819, 455, 1858, 1946, 501, 83, 643, 670, 1997, 2040, 2126, 919, 2228, 2246, 2250, 2280, 2281, 2307, 2392, 2481, 2498, 2573, 2671, 159, 1126, 1252, 1260, 2793, 2812, 2839, 2866, 198, 2947, 2956, 3002, 3059, 3106, 220, 3230, 3271, 3287, 1506, 3466, 3561, 1542, 315, 1684, 335, 1702
3	119526176	124027488	4.501312	0	49	48	423, 1819, 455, 1858, 1925, 1946, 83, 670, 825, 2040, 2126, 919, 2228, 2246, 2250, 2280, 2281, 2307, 2352, 2392, 2481, 2498, 2573, 2671, 159, 1126, 2793, 2812, 2839, 2866, 198, 2947, 3002, 3059, 3106, 3197, 220, 3230, 3287, 1448, 3368, 3383, 1506, 3447, 3466, 3561, 315, 1684
3	119526176	124162156	4.635984	0	54	53	423, 1819, 1925, 1946, 83, 643, 1997, 2126, 919, 2246, 2250, 2280, 2281, 2352, 2392, 2481, 2498, 2573, 2671, 1053, 1059, 1126, 2793, 2812, 2839, 2866, 198, 2947, 2956, 208, 3059, 3106, 1427, 3197, 220, 3230, 3271, 3287, 1448, 3368, 3383, 1506, 3440, 3447, 3466, 3472, 3561, 1590, 1639, 315, 1684, 335, 1702
3	119526349	123707593	4.18124	0	54	53	387, 1819, 1858, 1946, 501, 614, 643, 670, 891, 1997, 1998, 2002, 2126, 919, 2246, 2250, 2263, 2280, 2281, 2318, 2481, 2545, 2573, 2671, 159, 1252, 1260, 2724, 2812, 2824, 2863, 2866, 2898, 198, 2947, 2956, 3057, 220, 3230, 3251, 3271, 3287, 1456, 3359, 1499, 1506, 3561, 1542, 1597, 315, 1684, 335, 1702
3	119526349	124027488	4.501136	0	62	61	387, 1819, 455, 1858, 1946, 501, 83, 614, 643, 670, 891, 1997, 1998, 2002, 2126, 919, 2246, 2250, 2280, 2318, 2435, 2481, 2498, 2545, 2573, 2671, 159, 1126, 1252, 1260, 2724, 2793, 2812, 2824, 2837, 2839, 2863, 2866, 2898, 198, 2947, 2956, 3057, 3059, 3106, 220, 3230, 3251, 3271, 3287, 1456, 3359, 1506, 3561, 1542, 1597, 315, 1684, 1689, 335, 1702
3	119526349	124162156	4.635808	0	54	53	387, 1819, 1946, 83, 614, 643, 891, 1997, 1998, 2002, 2126, 919, 2246, 2250, 2280, 2435, 2481, 2498, 2545, 2573, 2671, 1053, 1126, 1252, 2724, 2793, 2812, 2837, 2839, 2866, 198, 2947, 2956, 208, 3057, 3059, 3106, 220, 3230, 3271, 3287, 1456, 1506, 3440, 3561, 1542, 1597, 1639, 315, 1684, 1689, 335, 1702
1	119674552	147120196	27.44564	0	3	2	584, 3453
1	119740487	150165642	30.42516	0	3	2	606, 1257
1	119775774	149815740	30.03997	0	4	3	424, 3112, 299
1	119775774	150249101	30.47333	0	3	2	2244, 346
1	119775926	147235595	27.45967	0	4	3	972, 3003, 306
1	119775926	147254154	27.47823	0	3	2	1970, 549
1	119795854	150248210	30.45235	0	4	3	579, 138, 2747
1	119823352	146923557	27.1002	0	4	3	362, 493, 3035
1	119861402	150960928	31.09953	0	4	3	1718, 424, 1174
3	119904177	124027488	4.123312	0	76	75	387, 1813, 1819, 455, 1858, 1925, 1946, 501, 1965, 83, 614, 643, 670, 882, 891, 1997, 1998, 2002, 2045, 2126, 919, 2182, 2246, 2248, 2250, 2280, 2318, 2352, 2416, 2435, 2481, 2516, 2545, 2573, 2671, 159, 1126, 1155, 1260, 2724, 2793, 2812, 2824, 2837, 2839, 2846, 2863, 2866, 2898, 2947, 2956, 3057, 3059, 3106, 1427, 220, 3230, 3251, 3271, 3275, 3278, 3287, 1448, 1456, 3359, 1506, 3447, 266, 1542, 1597, 315, 1684, 1689, 335, 1702
3	119904177	124027488	4.123312	0	69	68	387, 1813, 1819, 455, 1858, 1925, 1946, 501, 83, 614, 643, 670, 891, 1997, 1998, 2002, 2126, 919, 2182, 2246, 2250, 2280, 2318, 2352, 2416, 2435, 2481, 2545, 2573, 2671, 159, 1126, 1260, 2724, 2793, 2812, 2824, 2837, 2839, 2863, 2866, 2898, 198, 2947, 2956, 3057, 3059, 3106, 1427, 220, 3230, 3251, 3271, 3275, 3278, 3287, 1448, 1456, 3359, 1506, 3447, 1542, 1597, 315, 1684, 1689, 335, 1702
3	119904177	124769712	4.865536	0	8	7	1819, 2841, 2846, 3059, 3144, 1428, 1542
4	119905415	125886011	5.980592	0	5	4	2508, 188, 3000, 1609
1	119991429	150539971	30.54854	0	5	4	579, 2204, 1039, 3112
1	119991429	150679033	30.68761	0	3	2	579, 1622
1	120000183	147254154	27.25398	0	4	3	731, 2101, 2836
1	120019818	150527060	30.50724	0	4	3	3003, 271, 287
1	120111002	150165642	30.05465	0	4	3	1728, 867, 1531
3	120152222	124027488	3.875264	0	78	77	387, 1797, 1813, 1819, 455, 1858, 1925, 1946, 501, 1965, 83, 614, 625, 643, 670, 882, 891, 1997, 1998, 2002, 2045, 2126, 919, 2182, 2246, 2248, 2250, 2280, 2318, 2352, 2435, 2459, 2481, 2516, 2545, 2573, 2642, 2671, 159, 1126, 1155, 1260, 2724, 2793, 2812, 2824, 2837, 2839, 2846, 2863, 2866, 2898, 2947, 2956, 3057, 3059, 3106, 1427, 220, 3230, 3251, 3271, 3275, 3278, 3287, 1448, 1456, 3359, 1506, 3447, 266, 1542, 1597, 315, 1684, 1689, 1702
1	120169137	149999228	29.8301	0	4	3	3126, 36, 1593
1	120174683	150377611	30.20294	0	4	3	579, 608, 2314
1	120247782	150224127	29.97634	0	4	3	490, 532, 1600
1	120263018	150224127	29.96111	0	4	3	528, 890, 3201
1	120263018	150249101	29.98609	0	5	4	381, 1783, 767, 1312
1	120344900	149785255	29.44035	0	3	2	132, 1150
1	120345101	150252869	29.90776	0	6	5	375, 633, 100, 2315, 1031
1	120345101	150653795	30.30869	0	4	3	1729, 100, 271
1	120347137	147235595	26.88846	0	4	3	81, 1052, 3064
1	120347137	150958836	30.6117	0	3	2	1302, 1600
1	120347137	151372047	31.02491	0	5	4	595, 1372, 1409, 245
1	120347137	152536760	32.18963	0	6	5	81, 599, 736, 3078, 1455
1	120347632	150224127	29.8765	0	6	5	1748, 418, 499, 2174, 1521
1	120350073	150543128	30.19306	0	6	5	85, 599, 960, 1455, 1521
1	120350073	151894887	31.54481	0	3	2	528, 212
1	120350073	152015337	31.66527	0	4	3	893, 1226, 1587
1	120378760	149815323	29.43657	0	3	2	783, 855
1	120378760	150165642	29.78689	0	3	2	736, 1009
1	120378760	151551078	31.17231	0	4	3	490, 2060, 304
1	120407589	150249101	29.84151	0	4	3	1881, 111, 1537
1	120428831	152161103	31.73227	0	4	3	100, 1015, 1537
1	120435771	150884271	30.4485	0	3	2	138, 1352
1	120435771	151894887	31.45911	0	5	4	688, 889, 1295, 3109
1	121299507	150249101	28.9496	0	4	3	897, 2576, 1068
1	121299507	151455895	30.15638	0	12	11	1932, 719, 809, 2166, 137, 2633, 1063, 2767, 2914, 1455, 1479
1	121299507	151510026	30.21053	0	5	4	1068, 2872, 1431, 297
1	121299507	152349078	31.04957	0	5	4	118, 2112, 2564, 2757
1	121299507	152349078	31.04957	0	5	4	1729, 544, 2757, 297
1	121346616	150653795	29.30718	0	4	3	1753, 85, 271
1	121346616	151894887	30.54826	0	4	3	3008, 1413, 325
1	121346616	152651840	31.30522	0	5	4	1729, 955, 2757, 297
8	124691211	127689250	2.99804	0	5	4	494, 818, 2183, 48
12	125318772	127806038	2.487272	0	7	6	2028, 2238, 19, 1353, 3186, 3329
12	126312505	128621635	2.309128	0	3	2	772, 301
12	126501464	128611392	2.109928	0	4	3	2028, 19, 301
3	127435806	133141008	5.7052	0	3	2	776, 2037
2	127627138	132339121	4.711984	0	4	3	771, 3284, 3312
2	127627138	133234438	5.607304	0	3	2	1875, 23
6	127726366	135141863	7.415488	0	3	2	587, 30
2	127772047	133348083	5.576032	0	3	2	76, 2826
2	127887985	133308636	5.420656	0	3	2	1133, 2869
2	128177493	133200168	5.022672	0	3	2	849, 3593
2	129179239	133037636	3.858392	0	3	2	771, 3223
12	129243161	130569270	1.326112	0	5	4	1293, 248, 3529, 1685
12	129253864	130674391	1.420528	0	4	3	248, 3526, 3529
12	129400517	130962191	1.561672	0	13	12	2064, 2065, 2629, 1049, 2756, 2773, 216, 1478, 3399, 3402, 3527, 3576
2	129401728	133234438	3.832712	0	3	2	652, 3114
2	129401728	133348083	3.946352	0	3	2	652, 2953
9	129475179	132666628	3.191448	0	3	2	729, 2808
9	129475179	132666628	3.191448	0	3	2	1002, 2808
2	129526872	133403668	3.876792	0	4	3	492, 2583, 2976
9	129602746	133318458	3.715712	0	3	2	1320, 3168
9	130073746	133808080	3.734336	0	3	2	431, 3360
9	130116358	133044454	2.928096	0	3	2	2486, 1048
9	130176569	132718114	2.541544	0	3	2	1110, 2977
9	130312080	132982679	2.6706	0	3	2	596, 3004
9	130363183	133804144	3.44096	0	3	2	410, 2962
9	130566539	133808080	3.241544	0	3	2	562, 2977
9	130586657	133808080	3.221424	0	3	2	444, 3360
9	130998850	133408496	2.409648	0	3	2	828, 3012
9	130998850	133440620	2.441776	0	3	2	596, 3346
2	132881416	139454365	6.572952	0	3	2	786, 3159
9	133539661	135675757	2.136096	0	3	2	613, 2320
7	133753539	137852367	4.098832	0	3	2	1709, 586
9	133823931	135616378	1.792456	0	4	3	820, 2172, 3348
9	133823931	135959361	2.135432	0	25	24	1726, 485, 489, 1959, 592, 2026, 2048, 2072, 2172, 2184, 2260, 2308, 2329, 2345, 2458, 18, 1148, 1261, 3348, 1508, 3445, 3468, 1632, 1665
9	133856814	135675757	1.818944	0	5	4	613, 1148, 3090, 1508
6	135697074	139616536	3.919472	0	3	2	628, 2902
7	135935636	139718706	3.783072	0	3	2	1730, 1381
9	136007456	137592611	1.585152	0	3	2	748, 3256
7	136093458	139192845	3.099392	0	3	2	541, 2091
9	136155343	137619110	1.46376	0	3	2	2030, 33
9	136156064	137523875	1.367808	0	3	2	2301, 1173
8	137315433	139914556	2.59912	0	3	2	2687, 3
8	137315433	140284205	2.968768	0	3	2	1453, 3
7	137663477	140812939	3.149472	0	3	2	754, 1679
7	138287452	140154148	1.866688	0	15	14	63, 838, 112, 2168, 2535, 24, 1109, 2733, 1365, 2932, 3022, 3205, 3522, 1641
7	138312417	140154148	1.841728	0	15	14	63, 838, 112, 2168, 2535, 2582, 24, 1109, 2733, 1365, 2932, 3022, 3205, 1641
7	138739156	143097110	4.357952	0	4	3	373, 3295, 3392
4	139300738	143633482	4.332752	0	3	2	744, 2476
7	139540467	144611938	5.071472	0	5	4	789, 3295, 3392, 3514
4	139861418	145518312	5.65688	0	5	4	2673, 16, 3421, 3476
7	140487375	144703301	4.21592	0	5	4	789, 3139, 3295, 3392
8	141297730	142866345	1.568624	0	3	2	756, 2952
2	141800473	149325553	7.525072	0	6	5	2019, 2088, 2093, 1035, 2835
8	142605940	146123853	3.51792	0	3	2	790, 3552
1	142609239	147235595	4.626368	0	4	3	798, 1268, 2836
1	142609239	150543128	7.933904	0	5	4	484, 589, 2412, 3555
1	142609239	152156322	9.547088	0	8	7	713, 719, 2154, 1130, 2710, 3010, 3364
1	142609239	152536784	9.927552	0	9	8	1737, 719, 2166, 2205, 196, 2924, 201, 3121
1	143169216	150990825	7.821616	0	4	3	68, 85, 3367
1	143169216	152218257	9.04904	0	4	3	469, 893, 2959
1	143192794	152547921	9.35512	0	4	3	85, 1121, 3078
1	144622133	151894887	7.272752	0	10	9	719, 895, 2154, 137, 2633, 1130, 2874, 2987, 1455
1	145383239	147213161	1.829936	0	5	4	375, 633, 1104, 2757
1	145562532	147381356	1.818832	0	6	5	767, 890, 910, 3094, 3424
1	145646645	151894887	6.24824	0	6	5	2063, 1068, 1200, 3008, 1413
1	145717179	151472915	5.755728	0	4	3	885, 889, 3011
1	145723120	151894887	6.17176	0	13	12	509, 2060, 903, 2166, 2293, 2678, 1130, 2924, 2978, 3302, 1476, 1586
1	145725689	151554503	5.8288	0	8	7	1881, 1229, 1354, 2914, 1461, 1486, 1587
1	145725689	151894887	6.169184	0	5	4	137, 1068, 2959, 1413
1	145726727	147083114	1.3564	0	5	4	1718, 424, 2205, 284
1	145726727	152541062	6.814336	0	6	5	620, 104, 988, 1, 1382
1	145727683	151894887	6.1672	0	17	16	1737, 73, 719, 104, 2054, 2060, 2166, 2205, 2581, 196, 2924, 2978, 2987, 1388, 1400, 1659
1	145727683	151894887	6.1672	0	5	4	1947, 876, 1121, 3109
1	145727683	152156322	6.42864	0	5	4	187, 2959, 1413, 1636
1	145733221	149880483	4.147264	0	11	10	637, 719, 2293, 2703, 2914, 2924, 2978, 2987, 245, 1587
1	145733221	151539543	5.80632	0	8	7	1908, 637, 2293, 1001, 1409, 245, 1587
1	145736438	149815323	4.078896	0	5	4	1883, 2874, 1409, 224
1	145736438	151894887	6.158448	0	14	13	1738, 1761, 397, 719, 809, 2166, 137, 2633, 2678, 2914, 3316, 1479, 3580
1	145743096	151894887	6.151776	0	16	15	1761, 1911, 719, 809, 2166, 2423, 137, 2633, 2678, 2767, 2914, 196, 2978, 1455, 1479
1	145743096	151894887	6.151776	0	22	21	1737, 478, 1949, 73, 719, 2054, 2060, 2166, 2205, 2346, 2581, 2633, 2914, 196, 2924, 2978, 2987, 1400, 3382, 3595, 1659
1	145743096	151894887	6.151776	0	19	18	1737, 478, 1949, 73, 719, 2054, 2060, 2166, 2205, 2346, 2633, 1150, 2914, 2924, 2978, 2987, 1400, 3382
1	146927201	150990825	4.063632	0	4	3	865, 1289, 3170
1	146927201	151006537	4.079344	0	31	30	1737, 1738, 1761, 478, 488, 503, 641, 681, 719, 734, 809, 2060, 2166, 2181, 2346, 2426, 2581, 2614, 2633, 1113, 2732, 2914, 2924, 2927, 2978, 3189, 3382, 256, 1538, 1575
1	147051058	151894887	4.843824	0	10	9	81, 620, 736, 859, 3135, 1454, 1455, 1459, 1670
1	147230978	151894887	4.663904	0	5	4	1711, 2205, 223, 232
1	147236285	151011543	3.775248	0	5	4	1727, 868, 1438, 1461
1	147256257	151813218	4.55696	0	6	5	509, 701, 781, 3076, 3355
1	147256257	151894887	4.638624	0	6	5	81, 2169, 1332, 3274, 3355
1	147274614	151006537	3.731936	0	8	7	418, 509, 2710, 1392, 3170, 1521, 284
1	147274614	151894887	4.620272	0	8	7	582, 100, 2346, 1229, 2698, 1392, 1521
1	147274614	151894887	4.620272	0	8	7	509, 100, 2346, 1113, 1229, 1392, 1521
1	147274614	152141922	4.867312	0	7	6	1295, 2872, 1392, 3355, 1521, 284
1	147287519	149815323	2.527808	0	11	10	1839, 2060, 2166, 2205, 2633, 196, 2927, 2975, 1479, 304
1	147287519	151006537	3.719024	0	23	22	478, 488, 612, 641, 734, 809, 2054, 2060, 2218, 1130, 1186, 2703, 1267, 2797, 2924, 2975, 2978, 3189, 1486, 3382, 1520, 1673
1	147287519	151784547	4.497024	0	13	12	1711, 433, 734, 738, 1113, 2874, 2924, 2975, 223, 1479, 3580, 1659
1	147287519	151789185	4.501664	0	18	17	1711, 1737, 1738, 368, 734, 104, 2054, 2426, 2581, 2592, 2797, 2987, 1420, 3189, 3316, 1659, 336
1	147344519	150259016	2.914496	0	3	2	918, 340
1	147344519	151514603	4.170096	0	47	46	1711, 1737, 1738, 1761, 385, 1897, 478, 488, 641, 681, 719, 734, 809, 2060, 2181, 2218, 2251, 2256, 2346, 2361, 2423, 2426, 2581, 2612, 2614, 2633, 1113, 2732, 2797, 2914, 196, 2924, 2978, 3001, 3084, 1420, 3189, 3218, 1462, 1476, 1479, 256, 3595, 1538, 336, 340
1	147344519	151894887	4.550368	0	36	35	1711, 1737, 1738, 385, 488, 641, 681, 719, 734, 104, 2054, 2060, 2166, 2205, 2334, 2423, 2426, 2581, 2592, 2614, 1113, 2797, 196, 2924, 2927, 2978, 2987, 3001, 1420, 3189, 1479, 3364, 1659, 336, 340
1	147344519	151939864	4.59536	0	10	9	73, 620, 104, 2054, 982, 2870, 1388, 3170, 282
1	147376819	151894887	4.518064	0	6	5	1822, 2127, 3135, 1486, 314
1	147381558	149695871	2.31432	0	5	4	1902, 893, 2703, 256
1	147381558	149717036	2.335488	0	13	12	1861, 104, 1119, 2924, 2927, 2978, 3001, 1388, 3242, 3580, 1659, 340
1	147381558	150165642	2.784096	0	6	5	606, 620, 1186, 3242, 1587
1	147381558	150990825	3.60928	0	5	4	100, 1187, 3184, 3242
1	147381558	151006537	3.624992	0	34	33	1738, 1824, 488, 509, 641, 681, 719, 734, 738, 104, 2054, 2060, 2166, 2205, 2614, 1113, 1130, 1186, 2732, 2797, 2924, 2927, 2975, 2978, 2987, 1388, 3189, 3242, 1486, 3364, 1520, 1638, 1659
1	147381558	151006537	3.624992	0	30	29	488, 509, 681, 719, 734, 738, 104, 855, 2054, 2205, 2614, 982, 1130, 1186, 2732, 2924, 2927, 2975, 2978, 2987, 1388, 1410, 3189, 3242, 1486, 3364, 1520, 3580, 1638
1	147381558	151006537	3.624992	0	24	23	1809, 1824, 641, 681, 719, 738, 104, 834, 2109, 2451, 1113, 1186, 2797, 1324, 2924, 2927, 2987, 1388, 3242, 1486, 3364, 1638, 1659
1	147381558	151468289	4.086736	0	9	8	509, 100, 2027, 2346, 1113, 1186, 1410, 3242
1	147381558	151939864	4.55832	0	10	9	73, 620, 2054, 982, 1255, 2870, 1388, 3170, 282
1	147381558	153119969	5.738416	0	11	10	620, 723, 104, 2127, 2688, 2959, 3001, 3242, 1486, 340
1	147799347	151894887	4.095536	0	7	6	528, 1295, 1335, 2876, 1432, 3555
1	147799347	151894887	4.095536	0	8	7	499, 528, 2278, 1295, 1335, 2876, 3555
1	147801691	151894887	4.093184	0	33	32	1738, 1824, 488, 734, 104, 834, 2054, 2109, 2205, 2334, 2426, 2451, 2592, 2614, 1, 1113, 1186, 2688, 2927, 1370, 2975, 2978, 3001, 1388, 3189, 3242, 3244, 1486, 1520, 3580, 1638, 1659
1	147801691	153119969	5.318272	0	27	26	1738, 1883, 488, 620, 104, 2054, 2109, 2127, 2334, 2351, 2451, 2592, 1, 1186, 2927, 1370, 2970, 2975, 1382, 3001, 1388, 3170, 3189, 3242, 1486, 3431
1	147801691	153588340	5.78664	0	25	24	1727, 1738, 1932, 509, 734, 2054, 2205, 2334, 2534, 2592, 1255, 2711, 1273, 2819, 2870, 1370, 2970, 1388, 3183, 3242, 3589, 282, 1575, 340
1	149146580	151006537	1.859968	0	31	30	1711, 1737, 1761, 641, 719, 734, 2181, 2218, 2256, 2346, 2423, 1113, 1135, 2913, 2924, 2978, 2987, 3084, 1420, 3121, 3218, 223, 3302, 1462, 1476, 1479, 3382, 256, 1538, 340
1	149996293	153119969	3.12368	0	27	26	1727, 488, 1932, 509, 734, 2054, 2192, 2195, 2334, 957, 2534, 2592, 1186, 1255, 2711, 1267, 2814, 2819, 1370, 2970, 1388, 3135, 3242, 3589, 1575, 340
1	149996293	153588340	3.592048	0	28	27	1727, 1812, 1932, 509, 734, 2054, 2195, 922, 2334, 957, 2534, 2556, 2592, 1255, 2711, 1273, 2814, 2819, 2821, 1370, 2970, 1388, 1392, 3135, 3242, 1575, 340
1	151579662	154744852	3.165184	0	9	8	488, 2192, 2323, 2534, 2970, 2975, 3135, 305
4	151814257	156597290	4.78304	0	3	2	664, 1329
4	151990772	153675944	1.685168	0	3	2	1733, 217
4	152752543	156466375	3.713824	0	3	2	2325, 1329
1	152838144	157196031	4.357888	0	6	5	2023, 167, 2794, 194, 1433
1	152838144	157196031	4.357888	0	6	5	2519, 167, 2794, 194, 1433
1	152838144	157322310	4.48416	0	6	5	2023, 167, 194, 1433, 3263
1	152838144	157322310	4.48416	0	6	5	2519, 167, 194, 1433, 3263
4	153121818	156986004	3.864176	0	3	2	2325, 959
4	153212772	156614596	3.401824	0	3	2	1957, 664
4	153612543	156709126	3.096576	0	3	2	1286, 3418
1	154157090	156869714	2.712624	0	3	2	2814, 320
4	155539222	161308367	5.769152	0	3	2	753, 1344
4	156123035	162379746	6.256704	0	4	3	1740, 764, 1603
2	156948047	158315398	1.367344	0	4	3	600, 2853, 1398
2	156948047	165424575	8.476528	0	3	2	600, 698
6	159857148	162289565	2.432416	0	3	2	473, 3005
2	161798838	167162649	5.363824	0	4	3	1147, 1290, 1292
2	162907232	165424575	2.517344	0	4	3	600, 1000, 3255
1	169616020	177006486	7.390464	0	6	5	428, 1964, 2750, 1337, 3207
2	169645346	173622459	3.97712	0	3	2	715, 2216
2	169832971	173150560	3.317584	0	3	2	433, 3332
2	171077934	173589876	2.511936	0	4	3	538, 2930, 3556
3	173130866	176291907	3.16104	0	4	3	2234, 154, 3327
3	173218792	176659399	3.440608	0	4	3	2234, 154, 47
3	174673810	177284001	2.610192	0	3	2	127, 3410
5	175055515	178098414	3.042896	0	3	2	12, 1142
5	175099878	178098414	2.998544	0	3	2	2395, 1142
5	175580166	178617862	3.037696	0	15	14	1739, 86, 737, 1227, 2685, 1272, 2854, 3430, 3574, 1647, 1668, 328, 1681, 1683
5	176122772	178098414	1.975648	0	3	2	2602, 1142
5	176471591	178752189	2.280608	0	3	2	878, 1546
5	176784439	179135353	2.350928	0	3	2	920, 3192
5	176784439	179290613	2.506176	0	3	2	1319, 3192
3	182019942	185994734	3.9748	0	4	3	1860, 864, 1517
3	182347019	185982713	3.635696	0	4	3	1860, 864, 2296
2	201333312	207509600	6.176288	0	3	2	680, 3270
2	213880844	218713469	4.832624	0	3	2	2012, 322
2	214885653	218785667	3.900016	0	6	5	1721, 399, 2273, 3293, 3521
2	216535773	218785667	2.249888	0	3	2	1141, 3293
1	222537636	229233144	6.69552	0	5	4	2832, 2833, 2877, 318
2	228025756	231174097	3.148336	0	6	5	67, 2488, 3581, 1660, 1664
1	233048225	235642359	2.594128	0	3	2	792, 3181
1	233681912	235642359	1.960432	0	3	2	425, 2951
1	241863767	244012328	2.14856	0	8	7	668, 858, 2571, 1208, 178, 2903, 1404
1	242900878	244012328	1.11144	0	5	4	470, 2571, 1347, 1404
1	243041828	245486420	2.444592	0	3	2	1057, 3153
1	244034805	246175040	2.14024	0	4	3	470, 2235, 1347
